# [INFO] 執行開始時間: 2026-07-10 15:36:32
# ALL_RESULT_REPEAT_COUNT_SORT
('TPK-KY:3673.TW', 1, 78.5, 79.3, 76.6, 77.8, '26', 5.9643, (0, 1)),24,
('光洋科:1785.TWO', 1, 144.5, 147.5, 141.5, 143.0, '31', 9.3929, (0, 1)),24,
('力積電:6770.TW', 1, 71.5, 74.3, 70.9, 71.1, '24', 5.5857, (0, 1)),24,
('台半:5425.TWO', 1, 135.5, 138.0, 130.0, 130.5, '24', 10.6429, (0, 1)),24,
('台玻:1802.TW', 1, 67.2, 67.7, 65.0, 65.0, '08', 4.6857, (0, 1)),24,
('合晶:6182.TWO', 1, 161.0, 175.0, 159.0, 172.5, '24', 13.4286, (2, 0)),24,
('富喬:1815.TWO', 1, 97.1, 97.8, 94.5, 95.0, '28', 7.3286, (0, 4)),24,
('東捷:8064.TWO', 1, 127.5, 138.0, 126.0, 138.0, '26', 11.1786, (1, 0)),24,
('漢磊:3707.TWO', 1, 81.3, 83.1, 79.5, 79.5, '24', 7.2071, (0, 4)),24,
('立敦:6175.TWO', 1, 108.0, 110.5, 105.0, 105.0, '28', 8.5357, (0, 3)),24,
('聯電:2303.TW', 1, 161.0, 161.0, 154.0, 156.0, '24', 12.3929, (0, 1)),24,
('鈺創:5351.TWO', 1, 89.3, 98.2, 89.3, 98.2, '24', 6.4, (1, 0)),24,
('南茂:8150.TW', 1, 108.5, 117.0, 108.5, 117.0, '24', 10.0929, (1, 0)),23,
('旺宏:2337.TW', 1, 141.5, 148.0, 139.5, 143.5, '24', 11.9286, (1, 0)),23,
('雷科:6207.TWO', 1, 132.0, 144.0, 130.5, 144.0, '28', 13.2143, (1, 0)),23,
('九豪:6127.TWO', 1, 77.4, 78.6, 74.0, 74.8, '28', 7.3714, (0, 6)),22,
('台嘉碩:3221.TWO', 1, 58.8, 59.7, 57.1, 57.2, '27', 4.6786, (0, 1)),22,
('微星:2377.TW', 1, 143.5, 147.5, 141.5, 145.0, '25', 5.8571, (2, 0)),22,
('緯創:3231.TW', 1, 147.0, 148.0, 144.5, 144.5, '25', 5.1071, (0, 4)),22,
('鼎元:2426.TW', 1, 75.0, 75.9, 71.5, 72.0, '26', 7.2786, (0, 1)),22,
('南亞:1303.TW', 1, 186.5, 193.0, 174.0, 181.5, '03', 16.0714, (0, 1)),20,
('富邦金:2881.TW', 1, 129.0, 129.0, 122.5, 124.5, '17', 4.8214, (0, 1)),20,
('亞電:4939.TWO', 1, 58.5, 59.9, 56.5, 56.6, '28', 4.2643, (0, 4)),19,
('富采:3714.TW', 1, 62.1, 65.4, 61.1, 63.7, '26', 4.0143, (1, 0)),19,
('至上:8112.TW', 1, 85.8, 87.2, 85.0, 85.0, '29', 4.5357, (0, 4)),19,
('希華:2484.TW', 1, 91.5, 95.7, 90.4, 90.7, '28', 7.2357, (0, 1)),18,
('鈞寶:6155.TW', 1, 76.7, 77.5, 73.0, 73.2, '28', 7.3643, (0, 4)),18,
('長科*:6548.TWO', 1, 84.5, 85.6, 81.8, 82.9, '24', 7.2643, (0, 4)),18,
('佳邦:6284.TWO', 1, 100.5, 103.0, 99.1, 99.5, '28', 5.5214, (0, 1)),17,
('大聯大:3702.TW', 1, 106.5, 109.5, 106.5, 106.5, '29', 4.1071, (0, 0)),17,
('尼克森:3317.TWO', 1, 99.0, 100.5, 96.6, 96.6, '24', 7.4143, (0, 1)),17,
('擎亞:8096.TWO', 1, 169.5, 177.0, 163.0, 166.5, '29', 10.1429, (0, 1)),17,
('今國光:6209.TW', 1, 78.5, 83.4, 78.3, 80.8, '26', 4.9357, (2, 0)),16,
('今展科:6432.TWO', 1, 77.5, 78.6, 75.1, 75.6, '28', 6.3214, (0, 1)),16,
('千如:3236.TWO', 1, 63.0, 63.8, 60.2, 60.8, '28', 5.8214, (0, 6)),16,
('國泰金:2882.TW', 1, 98.0, 98.3, 94.4, 96.3, '17', 4.3643, (0, 1)),16,
('堡達:3537.TWO', 1, 68.6, 70.8, 68.1, 68.5, '28', 5.3143, (0, 4)),16,
('群創:3481.TW', 1, 66.2, 67.5, 64.8, 65.3, '26', 5.1214, (0, 3)),16,
('光頡:3624.TWO', 1, 144.0, 147.0, 143.0, 144.0, '28', 13.3929, (0, 0)),15,
('世界:5347.TWO', 1, 177.5, 178.0, 170.5, 173.0, '24', 14.5357, (0, 1)),14,
('宏捷科:8086.TWO', 1, 140.0, 141.0, 135.5, 136.0, '24', 7.3929, (0, 1)),13,
('泰藝:8289.TWO', 1, 61.9, 63.3, 59.8, 60.0, '28', 4.5, (0, 1)),13,
('盟立:2464.TW', 1, 160.0, 166.5, 158.0, 161.5, '31', 12.2857, (1, 0)),13,
('嘉晶:3016.TW', 1, 120.0, 127.0, 118.5, 121.5, '24', 12.8571, (2, 0)),12,
('正達:3149.TW', 1, 87.0, 92.7, 86.0, 89.5, '26', 8.2286, (1, 0)),12,
('光環:3234.TWO', 1, 131.0, 131.0, 124.5, 126.0, '27', 11.2857, (0, 1)),11,
('台郡:6269.TW', 1, 64.1, 64.7, 62.5, 62.5, '28', 5.2786, (0, 1)),11,
('長興:1717.TW', 1, 77.3, 77.4, 73.7, 73.8, '21', 5.2357, (0, 3)),11,
('矽統:2363.TW', 1, 67.4, 67.5, 65.2, 65.6, '24', 4.7786, (0, 1)),10,
('華容:5328.TWO', 1, 72.4, 74.7, 70.5, 70.5, '28', 7.1214, (0, 4)),10,
('台虹:8039.TW', 1, 143.0, 154.0, 142.0, 154.0, '28', 9.8929, (1, 0)),9,
('宜特:3289.TWO', 1, 164.0, 165.5, 161.5, 161.5, '31', 11.1786, (0, 1)),9,
('精成科:6191.TW', 1, 105.0, 105.5, 101.0, 101.0, '28', 6.0357, (0, 1)),9,
('華邦電:2344.TW', 1, 173.5, 184.0, 170.0, 176.5, '24', 15.6429, (1, 0)),9,
('超豐:2441.TW', 1, 140.0, 148.0, 138.5, 144.5, '24', 8.8214, (2, 0)),9,
('中興電:1513.TW', 1, 167.0, 169.0, 166.5, 168.5, '05', 4.8929, (1, 0)),8,
('事欣科:4916.TW', 1, 109.0, 111.5, 108.0, 108.0, '25', 5.8571, (0, 1)),8,
('亞力:1514.TW', 1, 123.5, 123.5, 120.5, 122.5, '05', 5.1786, (0, 1)),8,
('安國:8054.TWO', 1, 100.0, 101.0, 99.0, 99.0, '24', 8.5429, (0, 4)),8,
('定穎投控:3715.TW', 1, 151.5, 155.0, 149.5, 151.0, '28', 10.2857, (0, 5)),8,
('智通*:8932.TWO', 1, 122.5, 122.5, 116.5, 118.5, '36', 6.9071, (0, 1)),8,
('鑫科:3663.TWO', 1, 79.7, 80.5, 77.8, 78.5, '31', 5.2643, (0, 4)),8,
('GIS-KY:6456.TW', 1, 72.0, 72.4, 70.1, 70.7, '26', 4.4357, (0, 1)),7,
('先進光:3362.TWO', 1, 169.5, 184.5, 166.5, 180.0, '26', 14.5, (2, 0)),7,
('新唐:4919.TW', 1, 163.0, 168.0, 159.5, 162.5, '24', 15.2857, (0, 5)),7,
('榮科:4989.TW', 1, 100.0, 102.5, 91.8, 91.8, '28', 9.1571, (0, 4)),7,
('港建*:3093.TWO', 1, 60.5, 60.5, 56.4, 56.4, '31', 5.3214, (0, 5)),7,
('碩禾:3691.TWO', 1, 146.5, 148.0, 142.0, 142.0, '26', 8.8571, (0, 4)),7,
('聯一光:3441.TWO', 1, 70.2, 75.3, 67.6, 67.6, '26', 5.9571, (0, 3)),7,
('亞光:3019.TW', 1, 145.0, 147.0, 143.5, 143.5, '26', 7.0357, (0, 1)),6,
('均豪:5443.TWO', 1, 107.0, 110.5, 107.0, 107.0, '24', 6.9357, (0, 0)),6,
('蜜望實:8043.TWO', 1, 182.0, 184.0, 173.0, 173.0, '28', 17.6786, (0, 4)),6,
('中光電:5371.TWO', 1, 95.2, 103.0, 93.1, 93.2, '26', 7.2857, (0, 1)),5,
('九暘:8040.TWO', 1, 94.4, 95.9, 92.7, 92.9, '24', 9.3929, (0, 4)),5,
('天二科技:6834.TW', 1, 135.0, 135.0, 128.0, 130.0, '28', 10.6071, (0, 1)),5,
('威盛:2388.TW', 1, 74.4, 75.4, 72.0, 73.1, '24', 4.8143, (0, 1)),5,
('湧德:3689.TWO', 1, 124.0, 125.5, 122.0, 122.5, '28', 4.5357, (0, 5)),5,
('大毅:2478.TW', 1, 182.0, 184.5, 172.0, 174.0, '28', 20.1786, (0, 4)),4,
('康普:4739.TW', 1, 106.0, 108.0, 99.0, 99.0, '21', 7.5714, (0, 1)),4,
('所羅門:2359.TW', 1, 139.0, 142.5, 135.5, 139.0, '31', 6.6429, (0, 0)),4,
('日揚:6208.TWO', 1, 92.3, 92.4, 90.2, 90.3, '24', 6.0214, (0, 4)),4,
('晶焱:6411.TWO', 1, 96.4, 98.6, 95.9, 97.0, '24', 6.3714, (1, 0)),4,
('福懋科:8131.TW', 1, 75.6, 78.5, 74.7, 76.0, '24', 5.2786, (1, 0)),4,
('美琪瑪:4721.TWO', 1, 88.4, 88.4, 83.3, 83.3, '21', 4.9143, (0, 3)),4,
('邑錡:7402.TWO', 1, 140.0, 145.0, 131.0, 131.0, '26', 9.7571, (0, 1)),4,
('久元:6261.TWO', 1, 92.0, 92.9, 91.0, 91.4, '24', 4.1643, (0, 1)),3,
('保勝光學:6517.TWO', 1, 65.3, 67.9, 65.0, 65.5, '26', 4.8786, (1, 0)),3,
('台化:1326.TW', 1, 64.7, 64.7, 59.4, 60.0, '03', 4.7, (0, 1)),3,
('安碁:6174.TWO', 1, 60.0, 61.5, 57.7, 57.7, '28', 5.0143, (0, 1)),3,
('宏致:3605.TW', 1, 95.7, 96.5, 90.2, 91.2, '28', 5.5, (0, 1)),3,
('康霈*:6919.TW', 1, 105.0, 110.5, 105.0, 107.5, '22', 6.2857, (1, 0)),3,
('廣穎:4973.TWO', 1, 162.0, 169.5, 160.0, 166.5, '24', 10.0357, (1, 0)),3,
('瀚宇博:5469.TW', 1, 82.3, 82.4, 80.2, 80.6, '28', 4.35, (0, 3)),3,
('界霖:5285.TW', 1, 100.5, 101.5, 96.0, 96.0, '24', 7.8857, (0, 3)),3,
('盛群:6202.TW', 1, 69.1, 74.8, 67.5, 73.3, '24', 5.8643, (2, 0)),3,
('神盾:6462.TWO', 1, 112.0, 113.5, 110.5, 110.5, '24', 6.7143, (0, 3)),3,
('茂訊:3213.TWO', 1, 133.0, 135.5, 132.5, 133.0, '25', 6.0714, (0, 0)),3,
('霖宏:5464.TWO', 1, 99.5, 99.5, 94.5, 94.5, '28', 7.2, (0, 5)),3,
('中華化:1727.TW', 1, 91.5, 92.3, 90.0, 90.9, '21', 5.6929, (0, 3)),2,
('創惟:6104.TWO', 1, 102.5, 103.0, 101.0, 102.0, '24', 4.6429, (0, 1)),2,
('友威科:3580.TWO', 1, 93.5, 96.7, 91.5, 95.8, '31', 5.6357, (1, 0)),2,
('安勤:3479.TWO', 1, 142.0, 148.5, 139.5, 146.0, '25', 6.6071, (2, 0)),2,
('建榮:5340.TWO', 1, 84.5, 84.9, 82.5, 82.8, '28', 5.5, (0, 4)),2,
('揚明光:3504.TW', 1, 74.9, 81.8, 74.7, 81.8, '26', 4.8429, (2, 0)),2,
('昇貿:3305.TW', 1, 131.0, 134.0, 127.0, 127.5, '31', 7.6786, (0, 4)),2,
('晶宏:3141.TWO', 1, 74.5, 76.1, 73.6, 73.8, '24', 4.7143, (0, 4)),2,
('晶彩科:3535.TW', 1, 105.5, 107.5, 103.5, 104.5, '26', 5.6429, (0, 4)),2,
('艾訊:3088.TWO', 1, 145.5, 147.5, 143.0, 144.0, '25', 5.7857, (0, 1)),2,
('鉅橡:8074.TWO', 1, 65.8, 66.2, 63.2, 63.3, '28', 4.1929, (0, 4)),2,
('世紀鋼:9958.TW', 1, 119.5, 120.0, 117.0, 117.0, '10', 4.3214, (0, 4)),1,
('倉和:6538.TWO', 1, 133.0, 136.0, 128.5, 136.0, '28', 10.75, (1, 0)),1,
('創威:6530.TWO', 1, 84.0, 85.5, 83.0, 83.0, '27', 4.3929, (0, 4)),1,
('力士:4923.TWO', 1, 68.3, 70.5, 62.8, 63.3, '24', 4.7786, (0, 1)),1,
('和椿:6215.TW', 1, 115.0, 117.0, 113.0, 113.5, '31', 4.8929, (0, 1)),1,
('富致:6642.TWO', 1, 82.7, 84.7, 80.7, 83.0, '28', 4.3214, (1, 0)),1,
('川寶:1595.TWO', 1, 70.1, 72.7, 69.9, 71.0, '24', 5.15, (1, 0)),1,
('建準:2421.TW', 1, 143.5, 144.5, 142.0, 142.5, '28', 5.5, (0, 4)),1,
('惠特:6706.TW', 1, 142.0, 144.0, 139.0, 139.0, '26', 9.1786, (0, 1)),1,
('晟銘電:3013.TW', 1, 104.5, 105.0, 101.5, 102.0, '25', 4.3214, (0, 4)),1,
('杰力:5299.TWO', 1, 123.5, 123.5, 118.0, 118.0, '24', 10.2143, (0, 3)),1,
('澤米:6742.TW', 1, 59.7, 60.0, 56.7, 57.0, '26', 4.8071, (0, 4)),1,
('百容:2483.TW', 1, 64.2, 70.0, 62.6, 68.0, '28', 5.8107, (1, 0)),1,
('蔚華科:3055.TW', 1, 162.0, 162.0, 154.0, 158.0, '29', 11.4429, (0, 1)),1,
('虹冠電:3257.TW', 1, 67.2, 67.4, 64.0, 64.2, '24', 5.0214, (0, 3)),1,
('金山電:8042.TWO', 1, 167.0, 178.0, 163.0, 178.0, '28', 18.5, (1, 0)),1,
('風青:2061.TWO', 1, 83.7, 83.7, 74.7, 74.7, '06', 6.2429, (0, 1)),1,
('龍德造船:6753.TW', 1, 150.0, 160.0, 148.0, 148.0, '15', 10.5357, (0, 1)),1,

# ALL_RESULT
('GIS-KY:6456.TW', 1, 72.0, 72.4, 70.1, 70.7, '26', 4.4357, (0, 1)),
('TPK-KY:3673.TW', 1, 78.5, 79.3, 76.6, 77.8, '26', 5.9643, (0, 1)),
('世界:5347.TWO', 1, 177.5, 178.0, 170.5, 173.0, '24', 14.5357, (0, 1)),
('世紀鋼:9958.TW', 1, 119.5, 120.0, 117.0, 117.0, '10', 4.3214, (0, 4)),
('中光電:5371.TWO', 1, 95.2, 103.0, 93.1, 93.2, '26', 7.2857, (0, 1)),
('中興電:1513.TW', 1, 167.0, 169.0, 166.5, 168.5, '05', 4.8929, (1, 0)),
('中華化:1727.TW', 1, 91.5, 92.3, 90.0, 90.9, '21', 5.6929, (0, 3)),
('久元:6261.TWO', 1, 92.0, 92.9, 91.0, 91.4, '24', 4.1643, (0, 1)),
('九暘:8040.TWO', 1, 94.4, 95.9, 92.7, 92.9, '24', 9.3929, (0, 4)),
('九豪:6127.TWO', 1, 77.4, 78.6, 74.0, 74.8, '28', 7.3714, (0, 6)),
('事欣科:4916.TW', 1, 109.0, 111.5, 108.0, 108.0, '25', 5.8571, (0, 1)),
('亞光:3019.TW', 1, 145.0, 147.0, 143.5, 143.5, '26', 7.0357, (0, 1)),
('亞力:1514.TW', 1, 123.5, 123.5, 120.5, 122.5, '05', 5.1786, (0, 1)),
('亞電:4939.TWO', 1, 58.5, 59.9, 56.5, 56.6, '28', 4.2643, (0, 4)),
('今國光:6209.TW', 1, 78.5, 83.4, 78.3, 80.8, '26', 4.9357, (2, 0)),
('今展科:6432.TWO', 1, 77.5, 78.6, 75.1, 75.6, '28', 6.3214, (0, 1)),
('佳邦:6284.TWO', 1, 100.5, 103.0, 99.1, 99.5, '28', 5.5214, (0, 1)),
('保勝光學:6517.TWO', 1, 65.3, 67.9, 65.0, 65.5, '26', 4.8786, (1, 0)),
('倉和:6538.TWO', 1, 133.0, 136.0, 128.5, 136.0, '28', 10.75, (1, 0)),
('先進光:3362.TWO', 1, 169.5, 184.5, 166.5, 180.0, '26', 14.5, (2, 0)),
('光洋科:1785.TWO', 1, 144.5, 147.5, 141.5, 143.0, '31', 9.3929, (0, 1)),
('光環:3234.TWO', 1, 131.0, 131.0, 124.5, 126.0, '27', 11.2857, (0, 1)),
('光頡:3624.TWO', 1, 144.0, 147.0, 143.0, 144.0, '28', 13.3929, (0, 0)),
('創威:6530.TWO', 1, 84.0, 85.5, 83.0, 83.0, '27', 4.3929, (0, 4)),
('創惟:6104.TWO', 1, 102.5, 103.0, 101.0, 102.0, '24', 4.6429, (0, 1)),
('力士:4923.TWO', 1, 68.3, 70.5, 62.8, 63.3, '24', 4.7786, (0, 1)),
('力積電:6770.TW', 1, 71.5, 74.3, 70.9, 71.1, '24', 5.5857, (0, 1)),
('千如:3236.TWO', 1, 63.0, 63.8, 60.2, 60.8, '28', 5.8214, (0, 6)),
('南亞:1303.TW', 1, 186.5, 193.0, 174.0, 181.5, '03', 16.0714, (0, 1)),
('南茂:8150.TW', 1, 108.5, 117.0, 108.5, 117.0, '24', 10.0929, (1, 0)),
('友威科:3580.TWO', 1, 93.5, 96.7, 91.5, 95.8, '31', 5.6357, (1, 0)),
('台化:1326.TW', 1, 64.7, 64.7, 59.4, 60.0, '03', 4.7, (0, 1)),
('台半:5425.TWO', 1, 135.5, 138.0, 130.0, 130.5, '24', 10.6429, (0, 1)),
('台嘉碩:3221.TWO', 1, 58.8, 59.7, 57.1, 57.2, '27', 4.6786, (0, 1)),
('台玻:1802.TW', 1, 67.2, 67.7, 65.0, 65.0, '08', 4.6857, (0, 1)),
('台虹:8039.TW', 1, 143.0, 154.0, 142.0, 154.0, '28', 9.8929, (1, 0)),
('台郡:6269.TW', 1, 64.1, 64.7, 62.5, 62.5, '28', 5.2786, (0, 1)),
('合晶:6182.TWO', 1, 161.0, 175.0, 159.0, 172.5, '24', 13.4286, (2, 0)),
('和椿:6215.TW', 1, 115.0, 117.0, 113.0, 113.5, '31', 4.8929, (0, 1)),
('嘉晶:3016.TW', 1, 120.0, 127.0, 118.5, 121.5, '24', 12.8571, (2, 0)),
('國泰金:2882.TW', 1, 98.0, 98.3, 94.4, 96.3, '17', 4.3643, (0, 1)),
('均豪:5443.TWO', 1, 107.0, 110.5, 107.0, 107.0, '24', 6.9357, (0, 0)),
('堡達:3537.TWO', 1, 68.6, 70.8, 68.1, 68.5, '28', 5.3143, (0, 4)),
('大毅:2478.TW', 1, 182.0, 184.5, 172.0, 174.0, '28', 20.1786, (0, 4)),
('大聯大:3702.TW', 1, 106.5, 109.5, 106.5, 106.5, '29', 4.1071, (0, 0)),
('天二科技:6834.TW', 1, 135.0, 135.0, 128.0, 130.0, '28', 10.6071, (0, 1)),
('威盛:2388.TW', 1, 74.4, 75.4, 72.0, 73.1, '24', 4.8143, (0, 1)),
('安勤:3479.TWO', 1, 142.0, 148.5, 139.5, 146.0, '25', 6.6071, (2, 0)),
('安國:8054.TWO', 1, 100.0, 101.0, 99.0, 99.0, '24', 8.5429, (0, 4)),
('安碁:6174.TWO', 1, 60.0, 61.5, 57.7, 57.7, '28', 5.0143, (0, 1)),
('宏捷科:8086.TWO', 1, 140.0, 141.0, 135.5, 136.0, '24', 7.3929, (0, 1)),
('宏致:3605.TW', 1, 95.7, 96.5, 90.2, 91.2, '28', 5.5, (0, 1)),
('定穎投控:3715.TW', 1, 151.5, 155.0, 149.5, 151.0, '28', 10.2857, (0, 5)),
('宜特:3289.TWO', 1, 164.0, 165.5, 161.5, 161.5, '31', 11.1786, (0, 1)),
('富喬:1815.TWO', 1, 97.1, 97.8, 94.5, 95.0, '28', 7.3286, (0, 4)),
('富致:6642.TWO', 1, 82.7, 84.7, 80.7, 83.0, '28', 4.3214, (1, 0)),
('富邦金:2881.TW', 1, 129.0, 129.0, 122.5, 124.5, '17', 4.8214, (0, 1)),
('富采:3714.TW', 1, 62.1, 65.4, 61.1, 63.7, '26', 4.0143, (1, 0)),
('尼克森:3317.TWO', 1, 99.0, 100.5, 96.6, 96.6, '24', 7.4143, (0, 1)),
('川寶:1595.TWO', 1, 70.1, 72.7, 69.9, 71.0, '24', 5.15, (1, 0)),
('希華:2484.TW', 1, 91.5, 95.7, 90.4, 90.7, '28', 7.2357, (0, 1)),
('康普:4739.TW', 1, 106.0, 108.0, 99.0, 99.0, '21', 7.5714, (0, 1)),
('康霈*:6919.TW', 1, 105.0, 110.5, 105.0, 107.5, '22', 6.2857, (1, 0)),
('廣穎:4973.TWO', 1, 162.0, 169.5, 160.0, 166.5, '24', 10.0357, (1, 0)),
('建榮:5340.TWO', 1, 84.5, 84.9, 82.5, 82.8, '28', 5.5, (0, 4)),
('建準:2421.TW', 1, 143.5, 144.5, 142.0, 142.5, '28', 5.5, (0, 4)),
('微星:2377.TW', 1, 143.5, 147.5, 141.5, 145.0, '25', 5.8571, (2, 0)),
('惠特:6706.TW', 1, 142.0, 144.0, 139.0, 139.0, '26', 9.1786, (0, 1)),
('所羅門:2359.TW', 1, 139.0, 142.5, 135.5, 139.0, '31', 6.6429, (0, 0)),
('揚明光:3504.TW', 1, 74.9, 81.8, 74.7, 81.8, '26', 4.8429, (2, 0)),
('擎亞:8096.TWO', 1, 169.5, 177.0, 163.0, 166.5, '29', 10.1429, (0, 1)),
('新唐:4919.TW', 1, 163.0, 168.0, 159.5, 162.5, '24', 15.2857, (0, 5)),
('日揚:6208.TWO', 1, 92.3, 92.4, 90.2, 90.3, '24', 6.0214, (0, 4)),
('旺宏:2337.TW', 1, 141.5, 148.0, 139.5, 143.5, '24', 11.9286, (1, 0)),
('昇貿:3305.TW', 1, 131.0, 134.0, 127.0, 127.5, '31', 7.6786, (0, 4)),
('晟銘電:3013.TW', 1, 104.5, 105.0, 101.5, 102.0, '25', 4.3214, (0, 4)),
('晶宏:3141.TWO', 1, 74.5, 76.1, 73.6, 73.8, '24', 4.7143, (0, 4)),
('晶彩科:3535.TW', 1, 105.5, 107.5, 103.5, 104.5, '26', 5.6429, (0, 4)),
('晶焱:6411.TWO', 1, 96.4, 98.6, 95.9, 97.0, '24', 6.3714, (1, 0)),
('智通*:8932.TWO', 1, 122.5, 122.5, 116.5, 118.5, '36', 6.9071, (0, 1)),
('杰力:5299.TWO', 1, 123.5, 123.5, 118.0, 118.0, '24', 10.2143, (0, 3)),
('東捷:8064.TWO', 1, 127.5, 138.0, 126.0, 138.0, '26', 11.1786, (1, 0)),
('榮科:4989.TW', 1, 100.0, 102.5, 91.8, 91.8, '28', 9.1571, (0, 4)),
('正達:3149.TW', 1, 87.0, 92.7, 86.0, 89.5, '26', 8.2286, (1, 0)),
('泰藝:8289.TWO', 1, 61.9, 63.3, 59.8, 60.0, '28', 4.5, (0, 1)),
('港建*:3093.TWO', 1, 60.5, 60.5, 56.4, 56.4, '31', 5.3214, (0, 5)),
('湧德:3689.TWO', 1, 124.0, 125.5, 122.0, 122.5, '28', 4.5357, (0, 5)),
('漢磊:3707.TWO', 1, 81.3, 83.1, 79.5, 79.5, '24', 7.2071, (0, 4)),
('澤米:6742.TW', 1, 59.7, 60.0, 56.7, 57.0, '26', 4.8071, (0, 4)),
('瀚宇博:5469.TW', 1, 82.3, 82.4, 80.2, 80.6, '28', 4.35, (0, 3)),
('界霖:5285.TW', 1, 100.5, 101.5, 96.0, 96.0, '24', 7.8857, (0, 3)),
('百容:2483.TW', 1, 64.2, 70.0, 62.6, 68.0, '28', 5.8107, (1, 0)),
('盛群:6202.TW', 1, 69.1, 74.8, 67.5, 73.3, '24', 5.8643, (2, 0)),
('盟立:2464.TW', 1, 160.0, 166.5, 158.0, 161.5, '31', 12.2857, (1, 0)),
('矽統:2363.TW', 1, 67.4, 67.5, 65.2, 65.6, '24', 4.7786, (0, 1)),
('碩禾:3691.TWO', 1, 146.5, 148.0, 142.0, 142.0, '26', 8.8571, (0, 4)),
('神盾:6462.TWO', 1, 112.0, 113.5, 110.5, 110.5, '24', 6.7143, (0, 3)),
('福懋科:8131.TW', 1, 75.6, 78.5, 74.7, 76.0, '24', 5.2786, (1, 0)),
('立敦:6175.TWO', 1, 108.0, 110.5, 105.0, 105.0, '28', 8.5357, (0, 3)),
('精成科:6191.TW', 1, 105.0, 105.5, 101.0, 101.0, '28', 6.0357, (0, 1)),
('緯創:3231.TW', 1, 147.0, 148.0, 144.5, 144.5, '25', 5.1071, (0, 4)),
('美琪瑪:4721.TWO', 1, 88.4, 88.4, 83.3, 83.3, '21', 4.9143, (0, 3)),
('群創:3481.TW', 1, 66.2, 67.5, 64.8, 65.3, '26', 5.1214, (0, 3)),
('聯一光:3441.TWO', 1, 70.2, 75.3, 67.6, 67.6, '26', 5.9571, (0, 3)),
('聯電:2303.TW', 1, 161.0, 161.0, 154.0, 156.0, '24', 12.3929, (0, 1)),
('至上:8112.TW', 1, 85.8, 87.2, 85.0, 85.0, '29', 4.5357, (0, 4)),
('艾訊:3088.TWO', 1, 145.5, 147.5, 143.0, 144.0, '25', 5.7857, (0, 1)),
('茂訊:3213.TWO', 1, 133.0, 135.5, 132.5, 133.0, '25', 6.0714, (0, 0)),
('華容:5328.TWO', 1, 72.4, 74.7, 70.5, 70.5, '28', 7.1214, (0, 4)),
('華邦電:2344.TW', 1, 173.5, 184.0, 170.0, 176.5, '24', 15.6429, (1, 0)),
('蔚華科:3055.TW', 1, 162.0, 162.0, 154.0, 158.0, '29', 11.4429, (0, 1)),
('虹冠電:3257.TW', 1, 67.2, 67.4, 64.0, 64.2, '24', 5.0214, (0, 3)),
('蜜望實:8043.TWO', 1, 182.0, 184.0, 173.0, 173.0, '28', 17.6786, (0, 4)),
('超豐:2441.TW', 1, 140.0, 148.0, 138.5, 144.5, '24', 8.8214, (2, 0)),
('邑錡:7402.TWO', 1, 140.0, 145.0, 131.0, 131.0, '26', 9.7571, (0, 1)),
('金山電:8042.TWO', 1, 167.0, 178.0, 163.0, 178.0, '28', 18.5, (1, 0)),
('鈞寶:6155.TW', 1, 76.7, 77.5, 73.0, 73.2, '28', 7.3643, (0, 4)),
('鈺創:5351.TWO', 1, 89.3, 98.2, 89.3, 98.2, '24', 6.4, (1, 0)),
('鉅橡:8074.TWO', 1, 65.8, 66.2, 63.2, 63.3, '28', 4.1929, (0, 4)),
('鑫科:3663.TWO', 1, 79.7, 80.5, 77.8, 78.5, '31', 5.2643, (0, 4)),
('長科*:6548.TWO', 1, 84.5, 85.6, 81.8, 82.9, '24', 7.2643, (0, 4)),
('長興:1717.TW', 1, 77.3, 77.4, 73.7, 73.8, '21', 5.2357, (0, 3)),
('雷科:6207.TWO', 1, 132.0, 144.0, 130.5, 144.0, '28', 13.2143, (1, 0)),
('霖宏:5464.TWO', 1, 99.5, 99.5, 94.5, 94.5, '28', 7.2, (0, 5)),
('風青:2061.TWO', 1, 83.7, 83.7, 74.7, 74.7, '06', 6.2429, (0, 1)),
('鼎元:2426.TW', 1, 75.0, 75.9, 71.5, 72.0, '26', 7.2786, (0, 1)),
('龍德造船:6753.TW', 1, 150.0, 160.0, 148.0, 148.0, '15', 10.5357, (0, 1)),

# FILTER_RESULT (TOP_RANK=30)
('TPK-KY:3673.TW', 1, 78.5, 79.3, 76.6, 77.8, '26', 5.9643, (0, 1)),
('九豪:6127.TWO', 1, 77.4, 78.6, 74.0, 74.8, '28', 7.3714, (0, 6)),
('亞電:4939.TWO', 1, 58.5, 59.9, 56.5, 56.6, '28', 4.2643, (0, 4)),
('光洋科:1785.TWO', 1, 144.5, 147.5, 141.5, 143.0, '31', 9.3929, (0, 1)),
('力積電:6770.TW', 1, 71.5, 74.3, 70.9, 71.1, '24', 5.5857, (0, 1)),
('南亞:1303.TW', 1, 186.5, 193.0, 174.0, 181.5, '03', 16.0714, (0, 1)),
('南茂:8150.TW', 1, 108.5, 117.0, 108.5, 117.0, '24', 10.0929, (1, 0)),
('台半:5425.TWO', 1, 135.5, 138.0, 130.0, 130.5, '24', 10.6429, (0, 1)),
('台嘉碩:3221.TWO', 1, 58.8, 59.7, 57.1, 57.2, '27', 4.6786, (0, 1)),
('台玻:1802.TW', 1, 67.2, 67.7, 65.0, 65.0, '08', 4.6857, (0, 1)),
('合晶:6182.TWO', 1, 161.0, 175.0, 159.0, 172.5, '24', 13.4286, (2, 0)),
('富喬:1815.TWO', 1, 97.1, 97.8, 94.5, 95.0, '28', 7.3286, (0, 4)),
('富邦金:2881.TW', 1, 129.0, 129.0, 122.5, 124.5, '17', 4.8214, (0, 1)),
('富采:3714.TW', 1, 62.1, 65.4, 61.1, 63.7, '26', 4.0143, (1, 0)),
('希華:2484.TW', 1, 91.5, 95.7, 90.4, 90.7, '28', 7.2357, (0, 1)),
('微星:2377.TW', 1, 143.5, 147.5, 141.5, 145.0, '25', 5.8571, (2, 0)),
('旺宏:2337.TW', 1, 141.5, 148.0, 139.5, 143.5, '24', 11.9286, (1, 0)),
('東捷:8064.TWO', 1, 127.5, 138.0, 126.0, 138.0, '26', 11.1786, (1, 0)),
('漢磊:3707.TWO', 1, 81.3, 83.1, 79.5, 79.5, '24', 7.2071, (0, 4)),
('立敦:6175.TWO', 1, 108.0, 110.5, 105.0, 105.0, '28', 8.5357, (0, 3)),
('緯創:3231.TW', 1, 147.0, 148.0, 144.5, 144.5, '25', 5.1071, (0, 4)),
('聯電:2303.TW', 1, 161.0, 161.0, 154.0, 156.0, '24', 12.3929, (0, 1)),
('至上:8112.TW', 1, 85.8, 87.2, 85.0, 85.0, '29', 4.5357, (0, 4)),
('鈞寶:6155.TW', 1, 76.7, 77.5, 73.0, 73.2, '28', 7.3643, (0, 4)),
('鈺創:5351.TWO', 1, 89.3, 98.2, 89.3, 98.2, '24', 6.4, (1, 0)),
('長科*:6548.TWO', 1, 84.5, 85.6, 81.8, 82.9, '24', 7.2643, (0, 4)),
('雷科:6207.TWO', 1, 132.0, 144.0, 130.5, 144.0, '28', 13.2143, (1, 0)),
('鼎元:2426.TW', 1, 75.0, 75.9, 71.5, 72.0, '26', 7.2786, (0, 1)),

# FILTER_RESULT (MIN_REPEAT_COUNT=5)
('GIS-KY:6456.TW', 1, 72.0, 72.4, 70.1, 70.7, '26', 4.4357, (0, 1)),
('TPK-KY:3673.TW', 1, 78.5, 79.3, 76.6, 77.8, '26', 5.9643, (0, 1)),
('世界:5347.TWO', 1, 177.5, 178.0, 170.5, 173.0, '24', 14.5357, (0, 1)),
('中光電:5371.TWO', 1, 95.2, 103.0, 93.1, 93.2, '26', 7.2857, (0, 1)),
('中興電:1513.TW', 1, 167.0, 169.0, 166.5, 168.5, '05', 4.8929, (1, 0)),
('九暘:8040.TWO', 1, 94.4, 95.9, 92.7, 92.9, '24', 9.3929, (0, 4)),
('九豪:6127.TWO', 1, 77.4, 78.6, 74.0, 74.8, '28', 7.3714, (0, 6)),
('事欣科:4916.TW', 1, 109.0, 111.5, 108.0, 108.0, '25', 5.8571, (0, 1)),
('亞光:3019.TW', 1, 145.0, 147.0, 143.5, 143.5, '26', 7.0357, (0, 1)),
('亞力:1514.TW', 1, 123.5, 123.5, 120.5, 122.5, '05', 5.1786, (0, 1)),
('亞電:4939.TWO', 1, 58.5, 59.9, 56.5, 56.6, '28', 4.2643, (0, 4)),
('今國光:6209.TW', 1, 78.5, 83.4, 78.3, 80.8, '26', 4.9357, (2, 0)),
('今展科:6432.TWO', 1, 77.5, 78.6, 75.1, 75.6, '28', 6.3214, (0, 1)),
('佳邦:6284.TWO', 1, 100.5, 103.0, 99.1, 99.5, '28', 5.5214, (0, 1)),
('先進光:3362.TWO', 1, 169.5, 184.5, 166.5, 180.0, '26', 14.5, (2, 0)),
('光洋科:1785.TWO', 1, 144.5, 147.5, 141.5, 143.0, '31', 9.3929, (0, 1)),
('光環:3234.TWO', 1, 131.0, 131.0, 124.5, 126.0, '27', 11.2857, (0, 1)),
('光頡:3624.TWO', 1, 144.0, 147.0, 143.0, 144.0, '28', 13.3929, (0, 0)),
('力積電:6770.TW', 1, 71.5, 74.3, 70.9, 71.1, '24', 5.5857, (0, 1)),
('千如:3236.TWO', 1, 63.0, 63.8, 60.2, 60.8, '28', 5.8214, (0, 6)),
('南亞:1303.TW', 1, 186.5, 193.0, 174.0, 181.5, '03', 16.0714, (0, 1)),
('南茂:8150.TW', 1, 108.5, 117.0, 108.5, 117.0, '24', 10.0929, (1, 0)),
('台半:5425.TWO', 1, 135.5, 138.0, 130.0, 130.5, '24', 10.6429, (0, 1)),
('台嘉碩:3221.TWO', 1, 58.8, 59.7, 57.1, 57.2, '27', 4.6786, (0, 1)),
('台玻:1802.TW', 1, 67.2, 67.7, 65.0, 65.0, '08', 4.6857, (0, 1)),
('台虹:8039.TW', 1, 143.0, 154.0, 142.0, 154.0, '28', 9.8929, (1, 0)),
('台郡:6269.TW', 1, 64.1, 64.7, 62.5, 62.5, '28', 5.2786, (0, 1)),
('合晶:6182.TWO', 1, 161.0, 175.0, 159.0, 172.5, '24', 13.4286, (2, 0)),
('嘉晶:3016.TW', 1, 120.0, 127.0, 118.5, 121.5, '24', 12.8571, (2, 0)),
('國泰金:2882.TW', 1, 98.0, 98.3, 94.4, 96.3, '17', 4.3643, (0, 1)),
('均豪:5443.TWO', 1, 107.0, 110.5, 107.0, 107.0, '24', 6.9357, (0, 0)),
('堡達:3537.TWO', 1, 68.6, 70.8, 68.1, 68.5, '28', 5.3143, (0, 4)),
('大聯大:3702.TW', 1, 106.5, 109.5, 106.5, 106.5, '29', 4.1071, (0, 0)),
('天二科技:6834.TW', 1, 135.0, 135.0, 128.0, 130.0, '28', 10.6071, (0, 1)),
('威盛:2388.TW', 1, 74.4, 75.4, 72.0, 73.1, '24', 4.8143, (0, 1)),
('安國:8054.TWO', 1, 100.0, 101.0, 99.0, 99.0, '24', 8.5429, (0, 4)),
('宏捷科:8086.TWO', 1, 140.0, 141.0, 135.5, 136.0, '24', 7.3929, (0, 1)),
('定穎投控:3715.TW', 1, 151.5, 155.0, 149.5, 151.0, '28', 10.2857, (0, 5)),
('宜特:3289.TWO', 1, 164.0, 165.5, 161.5, 161.5, '31', 11.1786, (0, 1)),
('富喬:1815.TWO', 1, 97.1, 97.8, 94.5, 95.0, '28', 7.3286, (0, 4)),
('富邦金:2881.TW', 1, 129.0, 129.0, 122.5, 124.5, '17', 4.8214, (0, 1)),
('富采:3714.TW', 1, 62.1, 65.4, 61.1, 63.7, '26', 4.0143, (1, 0)),
('尼克森:3317.TWO', 1, 99.0, 100.5, 96.6, 96.6, '24', 7.4143, (0, 1)),
('希華:2484.TW', 1, 91.5, 95.7, 90.4, 90.7, '28', 7.2357, (0, 1)),
('微星:2377.TW', 1, 143.5, 147.5, 141.5, 145.0, '25', 5.8571, (2, 0)),
('擎亞:8096.TWO', 1, 169.5, 177.0, 163.0, 166.5, '29', 10.1429, (0, 1)),
('新唐:4919.TW', 1, 163.0, 168.0, 159.5, 162.5, '24', 15.2857, (0, 5)),
('旺宏:2337.TW', 1, 141.5, 148.0, 139.5, 143.5, '24', 11.9286, (1, 0)),
('智通*:8932.TWO', 1, 122.5, 122.5, 116.5, 118.5, '36', 6.9071, (0, 1)),
('東捷:8064.TWO', 1, 127.5, 138.0, 126.0, 138.0, '26', 11.1786, (1, 0)),
('榮科:4989.TW', 1, 100.0, 102.5, 91.8, 91.8, '28', 9.1571, (0, 4)),
('正達:3149.TW', 1, 87.0, 92.7, 86.0, 89.5, '26', 8.2286, (1, 0)),
('泰藝:8289.TWO', 1, 61.9, 63.3, 59.8, 60.0, '28', 4.5, (0, 1)),
('港建*:3093.TWO', 1, 60.5, 60.5, 56.4, 56.4, '31', 5.3214, (0, 5)),
('湧德:3689.TWO', 1, 124.0, 125.5, 122.0, 122.5, '28', 4.5357, (0, 5)),
('漢磊:3707.TWO', 1, 81.3, 83.1, 79.5, 79.5, '24', 7.2071, (0, 4)),
('盟立:2464.TW', 1, 160.0, 166.5, 158.0, 161.5, '31', 12.2857, (1, 0)),
('矽統:2363.TW', 1, 67.4, 67.5, 65.2, 65.6, '24', 4.7786, (0, 1)),
('碩禾:3691.TWO', 1, 146.5, 148.0, 142.0, 142.0, '26', 8.8571, (0, 4)),
('立敦:6175.TWO', 1, 108.0, 110.5, 105.0, 105.0, '28', 8.5357, (0, 3)),
('精成科:6191.TW', 1, 105.0, 105.5, 101.0, 101.0, '28', 6.0357, (0, 1)),
('緯創:3231.TW', 1, 147.0, 148.0, 144.5, 144.5, '25', 5.1071, (0, 4)),
('群創:3481.TW', 1, 66.2, 67.5, 64.8, 65.3, '26', 5.1214, (0, 3)),
('聯一光:3441.TWO', 1, 70.2, 75.3, 67.6, 67.6, '26', 5.9571, (0, 3)),
('聯電:2303.TW', 1, 161.0, 161.0, 154.0, 156.0, '24', 12.3929, (0, 1)),
('至上:8112.TW', 1, 85.8, 87.2, 85.0, 85.0, '29', 4.5357, (0, 4)),
('華容:5328.TWO', 1, 72.4, 74.7, 70.5, 70.5, '28', 7.1214, (0, 4)),
('華邦電:2344.TW', 1, 173.5, 184.0, 170.0, 176.5, '24', 15.6429, (1, 0)),
('蜜望實:8043.TWO', 1, 182.0, 184.0, 173.0, 173.0, '28', 17.6786, (0, 4)),
('超豐:2441.TW', 1, 140.0, 148.0, 138.5, 144.5, '24', 8.8214, (2, 0)),
('鈞寶:6155.TW', 1, 76.7, 77.5, 73.0, 73.2, '28', 7.3643, (0, 4)),
('鈺創:5351.TWO', 1, 89.3, 98.2, 89.3, 98.2, '24', 6.4, (1, 0)),
('鑫科:3663.TWO', 1, 79.7, 80.5, 77.8, 78.5, '31', 5.2643, (0, 4)),
('長科*:6548.TWO', 1, 84.5, 85.6, 81.8, 82.9, '24', 7.2643, (0, 4)),
('長興:1717.TW', 1, 77.3, 77.4, 73.7, 73.8, '21', 5.2357, (0, 3)),
('雷科:6207.TWO', 1, 132.0, 144.0, 130.5, 144.0, '28', 13.2143, (1, 0)),
('鼎元:2426.TW', 1, 75.0, 75.9, 71.5, 72.0, '26', 7.2786, (0, 1)),
