# [INFO] 執行開始時間: 2026-07-06 00:21:08
# ALL_RESULT_REPEAT_COUNT_SORT
('TPK-KY:3673.TW', 1, 83.6, 88.8, 81.9, 82.4, '26', 5.9786, (0, 1)),24,
('光洋科:1785.TWO', 1, 151.0, 160.5, 150.0, 156.0, '31', 8.6429, (2, 0)),24,
('力積電:6770.TW', 1, 73.3, 75.1, 72.1, 73.4, '24', 5.8857, (2, 0)),24,
('台半:5425.TWO', 1, 131.0, 132.5, 128.0, 131.0, '24', 9.7929, (0, 0)),24,
('台玻:1802.TW', 1, 69.1, 69.8, 67.9, 68.8, '08', 4.9357, (0, 1)),24,
('合晶:6182.TWO', 1, 153.0, 163.0, 147.0, 163.0, '24', 11.8643, (2, 0)),24,
('富喬:1815.TWO', 1, 100.0, 102.0, 98.6, 101.5, '28', 7.1857, (1, 0)),24,
('東捷:8064.TWO', 1, 145.5, 149.0, 143.0, 145.5, '26', 11.25, (0, 0)),24,
('漢磊:3707.TWO', 1, 86.0, 91.8, 83.5, 91.0, '24', 7.1786, (2, 0)),24,
('立敦:6175.TWO', 1, 108.0, 117.5, 108.0, 115.0, '28', 9.1857, (2, 0)),24,
('聯電:2303.TW', 1, 159.0, 170.5, 158.5, 170.5, '24', 11.2143, (2, 0)),24,
('鈺創:5351.TWO', 1, 83.1, 83.9, 81.6, 81.8, '24', 5.4214, (0, 1)),24,
('南茂:8150.TW', 1, 106.5, 109.5, 103.5, 105.0, '24', 9.2143, (0, 1)),23,
('旺宏:2337.TW', 1, 142.0, 147.0, 140.5, 142.5, '24', 12.0357, (2, 0)),23,
('雷科:6207.TWO', 1, 151.5, 157.0, 149.0, 154.0, '28', 13.7143, (1, 0)),23,
('九豪:6127.TWO', 1, 90.0, 94.1, 86.9, 88.0, '28', 6.4929, (0, 2)),22,
('台嘉碩:3221.TWO', 1, 64.0, 69.5, 63.1, 66.3, '27', 4.25, (4, 0)),22,
('微星:2377.TW', 1, 142.5, 144.5, 141.5, 143.0, '25', 5.25, (2, 0)),22,
('緯創:3231.TW', 1, 157.5, 161.5, 157.5, 159.0, '25', 5.1786, (2, 0)),22,
('鼎元:2426.TW', 1, 74.8, 79.6, 73.6, 79.0, '26', 7.4357, (2, 0)),22,
('富邦金:2881.TW', 1, 118.5, 121.5, 118.5, 121.0, '17', 5.4643, (1, 0)),19,
('鈞寶:6155.TW', 1, 85.6, 91.5, 83.6, 87.0, '28', 7.5143, (1, 0)),19,
('亞電:4939.TWO', 1, 61.3, 64.1, 61.3, 63.7, '28', 4.2571, (2, 0)),18,
('大聯大:3702.TW', 1, 107.0, 110.0, 107.0, 110.0, '29', 4.3214, (1, 0)),18,
('至上:8112.TW', 1, 89.0, 95.4, 87.8, 92.9, '29', 4.2786, (2, 0)),18,
('今展科:6432.TWO', 1, 76.3, 79.8, 74.7, 78.6, '28', 6.7143, (1, 0)),17,
('佳邦:6284.TWO', 1, 105.5, 109.5, 104.0, 108.0, '28', 6.4643, (4, 0)),17,
('堡達:3537.TWO', 1, 75.2, 78.5, 73.5, 75.8, '28', 5.8571, (1, 0)),17,
('希華:2484.TW', 1, 93.9, 96.4, 88.0, 96.4, '28', 6.3857, (4, 0)),17,
('擎亞:8096.TWO', 1, 154.0, 157.5, 152.0, 157.5, '29', 8.6429, (1, 0)),17,
('長科*:6548.TWO', 1, 90.6, 93.2, 87.5, 91.6, '24', 6.95, (2, 0)),17,
('今國光:6209.TW', 1, 80.0, 80.9, 79.1, 80.0, '26', 5.9071, (0, 0)),16,
('光頡:3624.TWO', 1, 153.5, 158.0, 147.5, 155.0, '28', 13.1429, (2, 0)),16,
('尼克森:3317.TWO', 1, 97.3, 102.0, 92.5, 96.2, '24', 6.6643, (0, 1)),16,
('千如:3236.TWO', 1, 69.0, 74.0, 67.1, 68.7, '28', 5.9143, (0, 2)),15,
('國泰金:2882.TW', 1, 92.8, 94.8, 92.8, 93.6, '17', 5.1143, (1, 0)),15,
('群創:3481.TW', 1, 66.8, 67.3, 65.8, 66.0, '26', 5.0036, (0, 1)),15,
('宏捷科:8086.TWO', 1, 143.0, 146.0, 142.0, 144.0, '24', 7.6786, (2, 0)),14,
('泰藝:8289.TWO', 1, 63.5, 67.5, 62.3, 65.6, '28', 4.4357, (3, 0)),14,
('正達:3149.TW', 1, 90.0, 91.2, 86.1, 87.2, '26', 7.9786, (0, 1)),13,
('光環:3234.TWO', 1, 125.5, 131.5, 124.5, 128.0, '27', 12.2857, (2, 0)),12,
('嘉晶:3016.TW', 1, 131.0, 137.5, 127.0, 135.5, '24', 12.8214, (2, 0)),12,
('盟立:2464.TW', 1, 180.0, 182.0, 170.0, 172.5, '31', 13.75, (0, 2)),12,
('台郡:6269.TW', 1, 65.1, 67.2, 64.5, 66.8, '28', 6.0786, (2, 0)),11,
('長興:1717.TW', 1, 73.1, 81.6, 73.1, 81.6, '21', 4.0714, (2, 0)),11,
('矽統:2363.TW', 1, 70.2, 71.7, 69.2, 70.6, '24', 4.6714, (1, 0)),10,
('中興電:1513.TW', 1, 176.5, 178.0, 175.5, 176.5, '05', 4.6071, (0, 0)),9,
('台虹:8039.TW', 1, 147.0, 156.0, 146.5, 151.0, '28', 9.1429, (2, 0)),9,
('華容:5328.TWO', 1, 80.1, 88.8, 80.1, 82.4, '28', 6.1429, (4, 0)),9,
('超豐:2441.TW', 1, 140.0, 142.5, 138.5, 142.0, '24', 7.25, (2, 0)),9,
('GIS-KY:6456.TW', 1, 65.0, 68.6, 65.0, 67.1, '26', 4.4071, (2, 0)),8,
('事欣科:4916.TW', 1, 113.5, 119.5, 113.5, 115.0, '25', 6.0214, (5, 0)),8,
('安國:8054.TWO', 1, 112.0, 117.0, 111.5, 113.5, '24', 7.7786, (1, 0)),8,
('宜特:3289.TWO', 1, 189.0, 191.0, 174.5, 180.0, '31', 10.8214, (0, 1)),8,
('精成科:6191.TW', 1, 109.0, 111.0, 106.5, 108.0, '28', 5.9286, (0, 1)),8,
('亞力:1514.TW', 1, 123.0, 124.0, 122.0, 123.0, '05', 4.7857, (0, 0)),7,
('定穎投控:3715.TW', 1, 173.5, 176.5, 172.0, 172.0, '28', 9.6071, (0, 1)),7,
('智通*:8932.TWO', 1, 107.0, 108.0, 105.0, 105.5, '36', 5.7, (0, 1)),7,
('榮科:4989.TW', 1, 99.6, 110.5, 97.9, 110.5, '28', 7.3571, (5, 0)),7,
('港建*:3093.TWO', 1, 73.3, 74.0, 70.0, 70.2, '31', 4.9429, (0, 1)),7,
('碩禾:3691.TWO', 1, 152.0, 159.5, 151.0, 154.5, '26', 9.0, (2, 0)),7,
('聯一光:3441.TWO', 1, 79.0, 81.1, 78.0, 78.8, '26', 6.2357, (0, 1)),7,
('鑫科:3663.TWO', 1, 79.9, 88.4, 79.6, 88.4, '31', 5.6857, (2, 0)),7,
('亞光:3019.TW', 1, 149.0, 153.0, 148.5, 152.0, '26', 8.1429, (2, 0)),6,
('均豪:5443.TWO', 1, 119.5, 123.5, 118.0, 121.0, '24', 6.1143, (5, 0)),6,
('新唐:4919.TW', 1, 185.0, 192.0, 176.5, 176.5, '24', 17.0714, (0, 1)),6,
('湧德:3689.TWO', 1, 124.5, 127.0, 124.0, 124.0, '28', 4.1429, (0, 1)),6,
('九暘:8040.TWO', 1, 101.0, 105.0, 100.0, 102.5, '24', 8.9286, (2, 0)),5,
('天二科技:6834.TW', 1, 128.5, 135.0, 126.0, 132.0, '28', 9.7214, (1, 0)),5,
('威盛:2388.TW', 1, 70.9, 72.5, 70.4, 71.2, '24', 5.1929, (2, 0)),5,
('晶焱:6411.TWO', 1, 100.5, 103.0, 99.1, 99.7, '24', 6.1786, (0, 1)),5,
('東陽:1319.TW', 1, 75.5, 77.5, 75.5, 77.2, '12', 4.0071, (1, 0)),5,
('雅特力-KY:6907.TWO', 1, 165.5, 170.5, 162.5, 170.5, '24', 11.4286, (2, 0)),5,
('中光電:5371.TWO', 1, 84.5, 93.1, 84.3, 93.1, '26', 4.9857, (1, 0)),4,
('久元:6261.TWO', 1, 94.6, 96.9, 93.9, 96.6, '24', 4.1143, (2, 0)),4,
('康普:4739.TW', 1, 110.0, 115.0, 110.0, 113.5, '21', 7.5714, (2, 0)),4,
('廣穎:4973.TWO', 1, 162.0, 174.5, 162.0, 171.0, '24', 12.1786, (2, 0)),4,
('所羅門:2359.TW', 1, 148.0, 149.5, 140.5, 142.0, '31', 6.3214, (0, 1)),4,
('日揚:6208.TWO', 1, 93.2, 99.2, 92.2, 96.8, '24', 6.9857, (2, 0)),4,
('美琪瑪:4721.TWO', 1, 90.0, 91.6, 89.0, 91.2, '21', 5.0643, (2, 0)),4,
('保勝光學:6517.TWO', 1, 68.8, 73.9, 67.7, 71.3, '26', 5.6857, (1, 0)),3,
('康霈*:6919.TW', 1, 96.6, 101.5, 96.6, 99.7, '22', 6.0, (1, 0)),3,
('瀚宇博:5469.TW', 1, 87.5, 89.4, 86.7, 87.5, '28', 4.1714, (0, 0)),3,
('界霖:5285.TW', 1, 98.1, 99.1, 95.2, 96.9, '24', 7.4929, (0, 1)),3,
('盛群:6202.TW', 1, 68.5, 71.0, 66.2, 67.0, '24', 5.7286, (0, 1)),3,
('神盾:6462.TWO', 1, 116.5, 121.5, 116.0, 117.5, '24', 6.4286, (2, 0)),3,
('福懋科:8131.TW', 1, 69.6, 76.2, 68.8, 74.8, '24', 4.4857, (2, 0)),3,
('群光:2385.TW', 1, 105.0, 107.5, 105.0, 107.0, '28', 4.9286, (1, 0)),3,
('茂訊:3213.TWO', 1, 134.0, 143.0, 133.0, 142.5, '25', 5.4286, (5, 0)),3,
('邑錡:7402.TWO', 1, 126.0, 138.5, 125.0, 138.5, '26', 6.7786, (1, 0)),3,
('鈺鎧:5228.TWO', 1, 66.3, 70.1, 64.0, 66.5, '28', 6.0286, (1, 0)),3,
('霖宏:5464.TWO', 1, 104.5, 104.5, 100.5, 102.5, '28', 6.8214, (0, 1)),3,
('中華化:1727.TW', 1, 91.8, 96.0, 91.6, 92.7, '21', 5.3571, (3, 0)),2,
('創惟:6104.TWO', 1, 103.0, 106.5, 103.0, 105.0, '24', 4.9214, (2, 0)),2,
('加高:8182.TWO', 1, 56.7, 60.7, 55.4, 59.0, '28', 4.2571, (4, 0)),2,
('友威科:3580.TWO', 1, 94.8, 99.2, 94.0, 98.8, '31', 5.7714, (1, 0)),2,
('台化:1326.TW', 1, 63.0, 68.0, 62.9, 68.0, '03', 4.2429, (3, 0)),2,
('安勤:3479.TWO', 1, 142.5, 145.0, 142.5, 143.0, '25', 6.25, (2, 0)),2,
('安碁:6174.TWO', 1, 56.8, 61.8, 56.8, 61.8, '28', 4.5571, (4, 0)),2,
('宏致:3605.TW', 1, 90.1, 90.6, 87.8, 88.2, '28', 4.55, (0, 1)),2,
('富致:6642.TWO', 1, 80.7, 83.7, 80.7, 83.1, '28', 4.1429, (1, 0)),2,
('建榮:5340.TWO', 1, 89.6, 90.4, 88.4, 90.1, '28', 5.45, (2, 0)),2,
('弘憶股:3312.TW', 1, 59.7, 60.9, 59.5, 59.9, '29', 4.0714, (2, 0)),2,
('揚明光:3504.TW', 1, 78.2, 80.4, 77.1, 78.6, '26', 5.8643, (2, 0)),2,
('昇貿:3305.TW', 1, 133.0, 136.5, 132.0, 136.0, '31', 6.4286, (1, 0)),2,
('晶宏:3141.TWO', 1, 78.0, 84.1, 78.0, 82.7, '24', 4.3857, (2, 0)),2,
('晶彩科:3535.TW', 1, 115.0, 116.5, 114.0, 116.5, '26', 5.2143, (2, 0)),2,
('泓瀚:4741.TWO', 1, 61.3, 62.4, 58.2, 59.0, '21', 4.2, (0, 1)),2,
('艾訊:3088.TWO', 1, 142.0, 146.5, 141.5, 146.5, '25', 5.6429, (2, 0)),2,
('鉅橡:8074.TWO', 1, 68.5, 71.7, 67.8, 69.5, '28', 4.1429, (2, 0)),2,
('世紀鋼:9958.TW', 1, 116.5, 121.0, 116.5, 120.0, '10', 4.3571, (2, 0)),1,
('倉和:6538.TWO', 1, 140.5, 150.5, 135.0, 135.5, '28', 10.9286, (0, 3)),1,
('創威:6530.TWO', 1, 84.3, 88.4, 83.9, 87.8, '27', 4.2214, (2, 0)),1,
('力士:4923.TWO', 1, 61.5, 62.7, 60.5, 61.1, '24', 4.2, (0, 1)),1,
('和椿:6215.TW', 1, 115.5, 117.5, 112.5, 112.5, '31', 4.6071, (0, 1)),1,
('川寶:1595.TWO', 1, 78.0, 79.2, 74.0, 78.3, '24', 5.0643, (2, 0)),1,
('建準:2421.TW', 1, 146.5, 150.0, 146.0, 149.0, '28', 5.1786, (4, 0)),1,
('惠特:6706.TW', 1, 148.0, 159.0, 147.0, 154.0, '26', 9.1429, (2, 0)),1,
('晟銘電:3013.TW', 1, 108.5, 112.5, 108.0, 111.5, '25', 4.1786, (2, 0)),1,
('杰力:5299.TWO', 1, 134.5, 140.0, 128.0, 129.0, '24', 9.4643, (0, 1)),1,
('澤米:6742.TW', 1, 65.3, 71.7, 64.7, 66.4, '26', 5.1357, (2, 0)),1,
('百容:2483.TW', 1, 60.9, 67.1, 59.2, 67.1, '28', 4.6393, (2, 0)),1,
('聯寶:6821.TWO', 1, 60.1, 62.2, 60.0, 60.5, '28', 4.7, (1, 0)),1,
('芯鼎:6695.TW', 1, 58.7, 61.0, 57.6, 58.1, '24', 4.5214, (0, 7)),1,
('茂矽:2342.TW', 1, 55.5, 58.5, 55.5, 58.3, '24', 4.075, (2, 0)),1,
('蔚華科:3055.TW', 1, 142.0, 154.0, 140.0, 152.5, '29', 8.7143, (2, 0)),1,
('風青:2061.TWO', 1, 68.8, 74.2, 68.8, 74.2, '06', 5.0179, (2, 0)),1,

# ALL_RESULT
('GIS-KY:6456.TW', 1, 65.0, 68.6, 65.0, 67.1, '26', 4.4071, (2, 0)),
('TPK-KY:3673.TW', 1, 83.6, 88.8, 81.9, 82.4, '26', 5.9786, (0, 1)),
('世紀鋼:9958.TW', 1, 116.5, 121.0, 116.5, 120.0, '10', 4.3571, (2, 0)),
('中光電:5371.TWO', 1, 84.5, 93.1, 84.3, 93.1, '26', 4.9857, (1, 0)),
('中興電:1513.TW', 1, 176.5, 178.0, 175.5, 176.5, '05', 4.6071, (0, 0)),
('中華化:1727.TW', 1, 91.8, 96.0, 91.6, 92.7, '21', 5.3571, (3, 0)),
('久元:6261.TWO', 1, 94.6, 96.9, 93.9, 96.6, '24', 4.1143, (2, 0)),
('九暘:8040.TWO', 1, 101.0, 105.0, 100.0, 102.5, '24', 8.9286, (2, 0)),
('九豪:6127.TWO', 1, 90.0, 94.1, 86.9, 88.0, '28', 6.4929, (0, 2)),
('事欣科:4916.TW', 1, 113.5, 119.5, 113.5, 115.0, '25', 6.0214, (5, 0)),
('亞光:3019.TW', 1, 149.0, 153.0, 148.5, 152.0, '26', 8.1429, (2, 0)),
('亞力:1514.TW', 1, 123.0, 124.0, 122.0, 123.0, '05', 4.7857, (0, 0)),
('亞電:4939.TWO', 1, 61.3, 64.1, 61.3, 63.7, '28', 4.2571, (2, 0)),
('今國光:6209.TW', 1, 80.0, 80.9, 79.1, 80.0, '26', 5.9071, (0, 0)),
('今展科:6432.TWO', 1, 76.3, 79.8, 74.7, 78.6, '28', 6.7143, (1, 0)),
('佳邦:6284.TWO', 1, 105.5, 109.5, 104.0, 108.0, '28', 6.4643, (4, 0)),
('保勝光學:6517.TWO', 1, 68.8, 73.9, 67.7, 71.3, '26', 5.6857, (1, 0)),
('倉和:6538.TWO', 1, 140.5, 150.5, 135.0, 135.5, '28', 10.9286, (0, 3)),
('光洋科:1785.TWO', 1, 151.0, 160.5, 150.0, 156.0, '31', 8.6429, (2, 0)),
('光環:3234.TWO', 1, 125.5, 131.5, 124.5, 128.0, '27', 12.2857, (2, 0)),
('光頡:3624.TWO', 1, 153.5, 158.0, 147.5, 155.0, '28', 13.1429, (2, 0)),
('創威:6530.TWO', 1, 84.3, 88.4, 83.9, 87.8, '27', 4.2214, (2, 0)),
('創惟:6104.TWO', 1, 103.0, 106.5, 103.0, 105.0, '24', 4.9214, (2, 0)),
('力士:4923.TWO', 1, 61.5, 62.7, 60.5, 61.1, '24', 4.2, (0, 1)),
('力積電:6770.TW', 1, 73.3, 75.1, 72.1, 73.4, '24', 5.8857, (2, 0)),
('加高:8182.TWO', 1, 56.7, 60.7, 55.4, 59.0, '28', 4.2571, (4, 0)),
('千如:3236.TWO', 1, 69.0, 74.0, 67.1, 68.7, '28', 5.9143, (0, 2)),
('南茂:8150.TW', 1, 106.5, 109.5, 103.5, 105.0, '24', 9.2143, (0, 1)),
('友威科:3580.TWO', 1, 94.8, 99.2, 94.0, 98.8, '31', 5.7714, (1, 0)),
('台化:1326.TW', 1, 63.0, 68.0, 62.9, 68.0, '03', 4.2429, (3, 0)),
('台半:5425.TWO', 1, 131.0, 132.5, 128.0, 131.0, '24', 9.7929, (0, 0)),
('台嘉碩:3221.TWO', 1, 64.0, 69.5, 63.1, 66.3, '27', 4.25, (4, 0)),
('台玻:1802.TW', 1, 69.1, 69.8, 67.9, 68.8, '08', 4.9357, (0, 1)),
('台虹:8039.TW', 1, 147.0, 156.0, 146.5, 151.0, '28', 9.1429, (2, 0)),
('台郡:6269.TW', 1, 65.1, 67.2, 64.5, 66.8, '28', 6.0786, (2, 0)),
('合晶:6182.TWO', 1, 153.0, 163.0, 147.0, 163.0, '24', 11.8643, (2, 0)),
('和椿:6215.TW', 1, 115.5, 117.5, 112.5, 112.5, '31', 4.6071, (0, 1)),
('嘉晶:3016.TW', 1, 131.0, 137.5, 127.0, 135.5, '24', 12.8214, (2, 0)),
('國泰金:2882.TW', 1, 92.8, 94.8, 92.8, 93.6, '17', 5.1143, (1, 0)),
('均豪:5443.TWO', 1, 119.5, 123.5, 118.0, 121.0, '24', 6.1143, (5, 0)),
('堡達:3537.TWO', 1, 75.2, 78.5, 73.5, 75.8, '28', 5.8571, (1, 0)),
('大聯大:3702.TW', 1, 107.0, 110.0, 107.0, 110.0, '29', 4.3214, (1, 0)),
('天二科技:6834.TW', 1, 128.5, 135.0, 126.0, 132.0, '28', 9.7214, (1, 0)),
('威盛:2388.TW', 1, 70.9, 72.5, 70.4, 71.2, '24', 5.1929, (2, 0)),
('安勤:3479.TWO', 1, 142.5, 145.0, 142.5, 143.0, '25', 6.25, (2, 0)),
('安國:8054.TWO', 1, 112.0, 117.0, 111.5, 113.5, '24', 7.7786, (1, 0)),
('安碁:6174.TWO', 1, 56.8, 61.8, 56.8, 61.8, '28', 4.5571, (4, 0)),
('宏捷科:8086.TWO', 1, 143.0, 146.0, 142.0, 144.0, '24', 7.6786, (2, 0)),
('宏致:3605.TW', 1, 90.1, 90.6, 87.8, 88.2, '28', 4.55, (0, 1)),
('定穎投控:3715.TW', 1, 173.5, 176.5, 172.0, 172.0, '28', 9.6071, (0, 1)),
('宜特:3289.TWO', 1, 189.0, 191.0, 174.5, 180.0, '31', 10.8214, (0, 1)),
('富喬:1815.TWO', 1, 100.0, 102.0, 98.6, 101.5, '28', 7.1857, (1, 0)),
('富致:6642.TWO', 1, 80.7, 83.7, 80.7, 83.1, '28', 4.1429, (1, 0)),
('富邦金:2881.TW', 1, 118.5, 121.5, 118.5, 121.0, '17', 5.4643, (1, 0)),
('尼克森:3317.TWO', 1, 97.3, 102.0, 92.5, 96.2, '24', 6.6643, (0, 1)),
('川寶:1595.TWO', 1, 78.0, 79.2, 74.0, 78.3, '24', 5.0643, (2, 0)),
('希華:2484.TW', 1, 93.9, 96.4, 88.0, 96.4, '28', 6.3857, (4, 0)),
('康普:4739.TW', 1, 110.0, 115.0, 110.0, 113.5, '21', 7.5714, (2, 0)),
('康霈*:6919.TW', 1, 96.6, 101.5, 96.6, 99.7, '22', 6.0, (1, 0)),
('廣穎:4973.TWO', 1, 162.0, 174.5, 162.0, 171.0, '24', 12.1786, (2, 0)),
('建榮:5340.TWO', 1, 89.6, 90.4, 88.4, 90.1, '28', 5.45, (2, 0)),
('建準:2421.TW', 1, 146.5, 150.0, 146.0, 149.0, '28', 5.1786, (4, 0)),
('弘憶股:3312.TW', 1, 59.7, 60.9, 59.5, 59.9, '29', 4.0714, (2, 0)),
('微星:2377.TW', 1, 142.5, 144.5, 141.5, 143.0, '25', 5.25, (2, 0)),
('惠特:6706.TW', 1, 148.0, 159.0, 147.0, 154.0, '26', 9.1429, (2, 0)),
('所羅門:2359.TW', 1, 148.0, 149.5, 140.5, 142.0, '31', 6.3214, (0, 1)),
('揚明光:3504.TW', 1, 78.2, 80.4, 77.1, 78.6, '26', 5.8643, (2, 0)),
('擎亞:8096.TWO', 1, 154.0, 157.5, 152.0, 157.5, '29', 8.6429, (1, 0)),
('新唐:4919.TW', 1, 185.0, 192.0, 176.5, 176.5, '24', 17.0714, (0, 1)),
('日揚:6208.TWO', 1, 93.2, 99.2, 92.2, 96.8, '24', 6.9857, (2, 0)),
('旺宏:2337.TW', 1, 142.0, 147.0, 140.5, 142.5, '24', 12.0357, (2, 0)),
('昇貿:3305.TW', 1, 133.0, 136.5, 132.0, 136.0, '31', 6.4286, (1, 0)),
('晟銘電:3013.TW', 1, 108.5, 112.5, 108.0, 111.5, '25', 4.1786, (2, 0)),
('晶宏:3141.TWO', 1, 78.0, 84.1, 78.0, 82.7, '24', 4.3857, (2, 0)),
('晶彩科:3535.TW', 1, 115.0, 116.5, 114.0, 116.5, '26', 5.2143, (2, 0)),
('晶焱:6411.TWO', 1, 100.5, 103.0, 99.1, 99.7, '24', 6.1786, (0, 1)),
('智通*:8932.TWO', 1, 107.0, 108.0, 105.0, 105.5, '36', 5.7, (0, 1)),
('杰力:5299.TWO', 1, 134.5, 140.0, 128.0, 129.0, '24', 9.4643, (0, 1)),
('東捷:8064.TWO', 1, 145.5, 149.0, 143.0, 145.5, '26', 11.25, (0, 0)),
('東陽:1319.TW', 1, 75.5, 77.5, 75.5, 77.2, '12', 4.0071, (1, 0)),
('榮科:4989.TW', 1, 99.6, 110.5, 97.9, 110.5, '28', 7.3571, (5, 0)),
('正達:3149.TW', 1, 90.0, 91.2, 86.1, 87.2, '26', 7.9786, (0, 1)),
('泓瀚:4741.TWO', 1, 61.3, 62.4, 58.2, 59.0, '21', 4.2, (0, 1)),
('泰藝:8289.TWO', 1, 63.5, 67.5, 62.3, 65.6, '28', 4.4357, (3, 0)),
('港建*:3093.TWO', 1, 73.3, 74.0, 70.0, 70.2, '31', 4.9429, (0, 1)),
('湧德:3689.TWO', 1, 124.5, 127.0, 124.0, 124.0, '28', 4.1429, (0, 1)),
('漢磊:3707.TWO', 1, 86.0, 91.8, 83.5, 91.0, '24', 7.1786, (2, 0)),
('澤米:6742.TW', 1, 65.3, 71.7, 64.7, 66.4, '26', 5.1357, (2, 0)),
('瀚宇博:5469.TW', 1, 87.5, 89.4, 86.7, 87.5, '28', 4.1714, (0, 0)),
('界霖:5285.TW', 1, 98.1, 99.1, 95.2, 96.9, '24', 7.4929, (0, 1)),
('百容:2483.TW', 1, 60.9, 67.1, 59.2, 67.1, '28', 4.6393, (2, 0)),
('盛群:6202.TW', 1, 68.5, 71.0, 66.2, 67.0, '24', 5.7286, (0, 1)),
('盟立:2464.TW', 1, 180.0, 182.0, 170.0, 172.5, '31', 13.75, (0, 2)),
('矽統:2363.TW', 1, 70.2, 71.7, 69.2, 70.6, '24', 4.6714, (1, 0)),
('碩禾:3691.TWO', 1, 152.0, 159.5, 151.0, 154.5, '26', 9.0, (2, 0)),
('神盾:6462.TWO', 1, 116.5, 121.5, 116.0, 117.5, '24', 6.4286, (2, 0)),
('福懋科:8131.TW', 1, 69.6, 76.2, 68.8, 74.8, '24', 4.4857, (2, 0)),
('立敦:6175.TWO', 1, 108.0, 117.5, 108.0, 115.0, '28', 9.1857, (2, 0)),
('精成科:6191.TW', 1, 109.0, 111.0, 106.5, 108.0, '28', 5.9286, (0, 1)),
('緯創:3231.TW', 1, 157.5, 161.5, 157.5, 159.0, '25', 5.1786, (2, 0)),
('美琪瑪:4721.TWO', 1, 90.0, 91.6, 89.0, 91.2, '21', 5.0643, (2, 0)),
('群光:2385.TW', 1, 105.0, 107.5, 105.0, 107.0, '28', 4.9286, (1, 0)),
('群創:3481.TW', 1, 66.8, 67.3, 65.8, 66.0, '26', 5.0036, (0, 1)),
('聯一光:3441.TWO', 1, 79.0, 81.1, 78.0, 78.8, '26', 6.2357, (0, 1)),
('聯寶:6821.TWO', 1, 60.1, 62.2, 60.0, 60.5, '28', 4.7, (1, 0)),
('聯電:2303.TW', 1, 159.0, 170.5, 158.5, 170.5, '24', 11.2143, (2, 0)),
('至上:8112.TW', 1, 89.0, 95.4, 87.8, 92.9, '29', 4.2786, (2, 0)),
('艾訊:3088.TWO', 1, 142.0, 146.5, 141.5, 146.5, '25', 5.6429, (2, 0)),
('芯鼎:6695.TW', 1, 58.7, 61.0, 57.6, 58.1, '24', 4.5214, (0, 7)),
('茂矽:2342.TW', 1, 55.5, 58.5, 55.5, 58.3, '24', 4.075, (2, 0)),
('茂訊:3213.TWO', 1, 134.0, 143.0, 133.0, 142.5, '25', 5.4286, (5, 0)),
('華容:5328.TWO', 1, 80.1, 88.8, 80.1, 82.4, '28', 6.1429, (4, 0)),
('蔚華科:3055.TW', 1, 142.0, 154.0, 140.0, 152.5, '29', 8.7143, (2, 0)),
('超豐:2441.TW', 1, 140.0, 142.5, 138.5, 142.0, '24', 7.25, (2, 0)),
('邑錡:7402.TWO', 1, 126.0, 138.5, 125.0, 138.5, '26', 6.7786, (1, 0)),
('鈞寶:6155.TW', 1, 85.6, 91.5, 83.6, 87.0, '28', 7.5143, (1, 0)),
('鈺創:5351.TWO', 1, 83.1, 83.9, 81.6, 81.8, '24', 5.4214, (0, 1)),
('鈺鎧:5228.TWO', 1, 66.3, 70.1, 64.0, 66.5, '28', 6.0286, (1, 0)),
('鉅橡:8074.TWO', 1, 68.5, 71.7, 67.8, 69.5, '28', 4.1429, (2, 0)),
('鑫科:3663.TWO', 1, 79.9, 88.4, 79.6, 88.4, '31', 5.6857, (2, 0)),
('長科*:6548.TWO', 1, 90.6, 93.2, 87.5, 91.6, '24', 6.95, (2, 0)),
('長興:1717.TW', 1, 73.1, 81.6, 73.1, 81.6, '21', 4.0714, (2, 0)),
('雅特力-KY:6907.TWO', 1, 165.5, 170.5, 162.5, 170.5, '24', 11.4286, (2, 0)),
('雷科:6207.TWO', 1, 151.5, 157.0, 149.0, 154.0, '28', 13.7143, (1, 0)),
('霖宏:5464.TWO', 1, 104.5, 104.5, 100.5, 102.5, '28', 6.8214, (0, 1)),
('風青:2061.TWO', 1, 68.8, 74.2, 68.8, 74.2, '06', 5.0179, (2, 0)),
('鼎元:2426.TW', 1, 74.8, 79.6, 73.6, 79.0, '26', 7.4357, (2, 0)),

# FILTER_RESULT (TOP_RANK=30)
('TPK-KY:3673.TW', 1, 83.6, 88.8, 81.9, 82.4, '26', 5.9786, (0, 1)),
('光洋科:1785.TWO', 1, 151.0, 160.5, 150.0, 156.0, '31', 8.6429, (2, 0)),
('力積電:6770.TW', 1, 73.3, 75.1, 72.1, 73.4, '24', 5.8857, (2, 0)),
('台半:5425.TWO', 1, 131.0, 132.5, 128.0, 131.0, '24', 9.7929, (0, 0)),
('台玻:1802.TW', 1, 69.1, 69.8, 67.9, 68.8, '08', 4.9357, (0, 1)),
('合晶:6182.TWO', 1, 153.0, 163.0, 147.0, 163.0, '24', 11.8643, (2, 0)),
('富喬:1815.TWO', 1, 100.0, 102.0, 98.6, 101.5, '28', 7.1857, (1, 0)),
('東捷:8064.TWO', 1, 145.5, 149.0, 143.0, 145.5, '26', 11.25, (0, 0)),
('漢磊:3707.TWO', 1, 86.0, 91.8, 83.5, 91.0, '24', 7.1786, (2, 0)),
('立敦:6175.TWO', 1, 108.0, 117.5, 108.0, 115.0, '28', 9.1857, (2, 0)),
('聯電:2303.TW', 1, 159.0, 170.5, 158.5, 170.5, '24', 11.2143, (2, 0)),
('鈺創:5351.TWO', 1, 83.1, 83.9, 81.6, 81.8, '24', 5.4214, (0, 1)),
('南茂:8150.TW', 1, 106.5, 109.5, 103.5, 105.0, '24', 9.2143, (0, 1)),
('旺宏:2337.TW', 1, 142.0, 147.0, 140.5, 142.5, '24', 12.0357, (2, 0)),
('雷科:6207.TWO', 1, 151.5, 157.0, 149.0, 154.0, '28', 13.7143, (1, 0)),
('九豪:6127.TWO', 1, 90.0, 94.1, 86.9, 88.0, '28', 6.4929, (0, 2)),
('台嘉碩:3221.TWO', 1, 64.0, 69.5, 63.1, 66.3, '27', 4.25, (4, 0)),
('微星:2377.TW', 1, 142.5, 144.5, 141.5, 143.0, '25', 5.25, (2, 0)),
('緯創:3231.TW', 1, 157.5, 161.5, 157.5, 159.0, '25', 5.1786, (2, 0)),
('鼎元:2426.TW', 1, 74.8, 79.6, 73.6, 79.0, '26', 7.4357, (2, 0)),
('富邦金:2881.TW', 1, 118.5, 121.5, 118.5, 121.0, '17', 5.4643, (1, 0)),
('鈞寶:6155.TW', 1, 85.6, 91.5, 83.6, 87.0, '28', 7.5143, (1, 0)),
('亞電:4939.TWO', 1, 61.3, 64.1, 61.3, 63.7, '28', 4.2571, (2, 0)),
('大聯大:3702.TW', 1, 107.0, 110.0, 107.0, 110.0, '29', 4.3214, (1, 0)),
('至上:8112.TW', 1, 89.0, 95.4, 87.8, 92.9, '29', 4.2786, (2, 0)),
('今展科:6432.TWO', 1, 76.3, 79.8, 74.7, 78.6, '28', 6.7143, (1, 0)),
('佳邦:6284.TWO', 1, 105.5, 109.5, 104.0, 108.0, '28', 6.4643, (4, 0)),
('堡達:3537.TWO', 1, 75.2, 78.5, 73.5, 75.8, '28', 5.8571, (1, 0)),
('希華:2484.TW', 1, 93.9, 96.4, 88.0, 96.4, '28', 6.3857, (4, 0)),
('擎亞:8096.TWO', 1, 154.0, 157.5, 152.0, 157.5, '29', 8.6429, (1, 0)),
('長科*:6548.TWO', 1, 90.6, 93.2, 87.5, 91.6, '24', 6.95, (2, 0)),

# FILTER_RESULT (MIN_REPEAT_COUNT=5)
('TPK-KY:3673.TW', 1, 83.6, 88.8, 81.9, 82.4, '26', 5.9786, (0, 1)),
('光洋科:1785.TWO', 1, 151.0, 160.5, 150.0, 156.0, '31', 8.6429, (2, 0)),
('力積電:6770.TW', 1, 73.3, 75.1, 72.1, 73.4, '24', 5.8857, (2, 0)),
('台半:5425.TWO', 1, 131.0, 132.5, 128.0, 131.0, '24', 9.7929, (0, 0)),
('台玻:1802.TW', 1, 69.1, 69.8, 67.9, 68.8, '08', 4.9357, (0, 1)),
('合晶:6182.TWO', 1, 153.0, 163.0, 147.0, 163.0, '24', 11.8643, (2, 0)),
('富喬:1815.TWO', 1, 100.0, 102.0, 98.6, 101.5, '28', 7.1857, (1, 0)),
('東捷:8064.TWO', 1, 145.5, 149.0, 143.0, 145.5, '26', 11.25, (0, 0)),
('漢磊:3707.TWO', 1, 86.0, 91.8, 83.5, 91.0, '24', 7.1786, (2, 0)),
('立敦:6175.TWO', 1, 108.0, 117.5, 108.0, 115.0, '28', 9.1857, (2, 0)),
('聯電:2303.TW', 1, 159.0, 170.5, 158.5, 170.5, '24', 11.2143, (2, 0)),
('鈺創:5351.TWO', 1, 83.1, 83.9, 81.6, 81.8, '24', 5.4214, (0, 1)),
('南茂:8150.TW', 1, 106.5, 109.5, 103.5, 105.0, '24', 9.2143, (0, 1)),
('旺宏:2337.TW', 1, 142.0, 147.0, 140.5, 142.5, '24', 12.0357, (2, 0)),
('雷科:6207.TWO', 1, 151.5, 157.0, 149.0, 154.0, '28', 13.7143, (1, 0)),
('九豪:6127.TWO', 1, 90.0, 94.1, 86.9, 88.0, '28', 6.4929, (0, 2)),
('台嘉碩:3221.TWO', 1, 64.0, 69.5, 63.1, 66.3, '27', 4.25, (4, 0)),
('微星:2377.TW', 1, 142.5, 144.5, 141.5, 143.0, '25', 5.25, (2, 0)),
('緯創:3231.TW', 1, 157.5, 161.5, 157.5, 159.0, '25', 5.1786, (2, 0)),
('鼎元:2426.TW', 1, 74.8, 79.6, 73.6, 79.0, '26', 7.4357, (2, 0)),
('富邦金:2881.TW', 1, 118.5, 121.5, 118.5, 121.0, '17', 5.4643, (1, 0)),
('鈞寶:6155.TW', 1, 85.6, 91.5, 83.6, 87.0, '28', 7.5143, (1, 0)),
('亞電:4939.TWO', 1, 61.3, 64.1, 61.3, 63.7, '28', 4.2571, (2, 0)),
('大聯大:3702.TW', 1, 107.0, 110.0, 107.0, 110.0, '29', 4.3214, (1, 0)),
('至上:8112.TW', 1, 89.0, 95.4, 87.8, 92.9, '29', 4.2786, (2, 0)),
('今展科:6432.TWO', 1, 76.3, 79.8, 74.7, 78.6, '28', 6.7143, (1, 0)),
('佳邦:6284.TWO', 1, 105.5, 109.5, 104.0, 108.0, '28', 6.4643, (4, 0)),
('堡達:3537.TWO', 1, 75.2, 78.5, 73.5, 75.8, '28', 5.8571, (1, 0)),
('希華:2484.TW', 1, 93.9, 96.4, 88.0, 96.4, '28', 6.3857, (4, 0)),
('擎亞:8096.TWO', 1, 154.0, 157.5, 152.0, 157.5, '29', 8.6429, (1, 0)),
('長科*:6548.TWO', 1, 90.6, 93.2, 87.5, 91.6, '24', 6.95, (2, 0)),
('今國光:6209.TW', 1, 80.0, 80.9, 79.1, 80.0, '26', 5.9071, (0, 0)),
('光頡:3624.TWO', 1, 153.5, 158.0, 147.5, 155.0, '28', 13.1429, (2, 0)),
('尼克森:3317.TWO', 1, 97.3, 102.0, 92.5, 96.2, '24', 6.6643, (0, 1)),
('千如:3236.TWO', 1, 69.0, 74.0, 67.1, 68.7, '28', 5.9143, (0, 2)),
('國泰金:2882.TW', 1, 92.8, 94.8, 92.8, 93.6, '17', 5.1143, (1, 0)),
('群創:3481.TW', 1, 66.8, 67.3, 65.8, 66.0, '26', 5.0036, (0, 1)),
('宏捷科:8086.TWO', 1, 143.0, 146.0, 142.0, 144.0, '24', 7.6786, (2, 0)),
('泰藝:8289.TWO', 1, 63.5, 67.5, 62.3, 65.6, '28', 4.4357, (3, 0)),
('正達:3149.TW', 1, 90.0, 91.2, 86.1, 87.2, '26', 7.9786, (0, 1)),
('光環:3234.TWO', 1, 125.5, 131.5, 124.5, 128.0, '27', 12.2857, (2, 0)),
('嘉晶:3016.TW', 1, 131.0, 137.5, 127.0, 135.5, '24', 12.8214, (2, 0)),
('盟立:2464.TW', 1, 180.0, 182.0, 170.0, 172.5, '31', 13.75, (0, 2)),
('台郡:6269.TW', 1, 65.1, 67.2, 64.5, 66.8, '28', 6.0786, (2, 0)),
('長興:1717.TW', 1, 73.1, 81.6, 73.1, 81.6, '21', 4.0714, (2, 0)),
('矽統:2363.TW', 1, 70.2, 71.7, 69.2, 70.6, '24', 4.6714, (1, 0)),
('中興電:1513.TW', 1, 176.5, 178.0, 175.5, 176.5, '05', 4.6071, (0, 0)),
('台虹:8039.TW', 1, 147.0, 156.0, 146.5, 151.0, '28', 9.1429, (2, 0)),
('華容:5328.TWO', 1, 80.1, 88.8, 80.1, 82.4, '28', 6.1429, (4, 0)),
('超豐:2441.TW', 1, 140.0, 142.5, 138.5, 142.0, '24', 7.25, (2, 0)),
('GIS-KY:6456.TW', 1, 65.0, 68.6, 65.0, 67.1, '26', 4.4071, (2, 0)),
('事欣科:4916.TW', 1, 113.5, 119.5, 113.5, 115.0, '25', 6.0214, (5, 0)),
('安國:8054.TWO', 1, 112.0, 117.0, 111.5, 113.5, '24', 7.7786, (1, 0)),
('宜特:3289.TWO', 1, 189.0, 191.0, 174.5, 180.0, '31', 10.8214, (0, 1)),
('精成科:6191.TW', 1, 109.0, 111.0, 106.5, 108.0, '28', 5.9286, (0, 1)),
('亞力:1514.TW', 1, 123.0, 124.0, 122.0, 123.0, '05', 4.7857, (0, 0)),
('定穎投控:3715.TW', 1, 173.5, 176.5, 172.0, 172.0, '28', 9.6071, (0, 1)),
('智通*:8932.TWO', 1, 107.0, 108.0, 105.0, 105.5, '36', 5.7, (0, 1)),
('榮科:4989.TW', 1, 99.6, 110.5, 97.9, 110.5, '28', 7.3571, (5, 0)),
('港建*:3093.TWO', 1, 73.3, 74.0, 70.0, 70.2, '31', 4.9429, (0, 1)),
('碩禾:3691.TWO', 1, 152.0, 159.5, 151.0, 154.5, '26', 9.0, (2, 0)),
('聯一光:3441.TWO', 1, 79.0, 81.1, 78.0, 78.8, '26', 6.2357, (0, 1)),
('鑫科:3663.TWO', 1, 79.9, 88.4, 79.6, 88.4, '31', 5.6857, (2, 0)),
('亞光:3019.TW', 1, 149.0, 153.0, 148.5, 152.0, '26', 8.1429, (2, 0)),
('均豪:5443.TWO', 1, 119.5, 123.5, 118.0, 121.0, '24', 6.1143, (5, 0)),
('新唐:4919.TW', 1, 185.0, 192.0, 176.5, 176.5, '24', 17.0714, (0, 1)),
('湧德:3689.TWO', 1, 124.5, 127.0, 124.0, 124.0, '28', 4.1429, (0, 1)),
('九暘:8040.TWO', 1, 101.0, 105.0, 100.0, 102.5, '24', 8.9286, (2, 0)),
('天二科技:6834.TW', 1, 128.5, 135.0, 126.0, 132.0, '28', 9.7214, (1, 0)),
('威盛:2388.TW', 1, 70.9, 72.5, 70.4, 71.2, '24', 5.1929, (2, 0)),
('晶焱:6411.TWO', 1, 100.5, 103.0, 99.1, 99.7, '24', 6.1786, (0, 1)),
('東陽:1319.TW', 1, 75.5, 77.5, 75.5, 77.2, '12', 4.0071, (1, 0)),
('雅特力-KY:6907.TWO', 1, 165.5, 170.5, 162.5, 170.5, '24', 11.4286, (2, 0)),
