('聯電:2303.TW', 1, 134, 137.5, 132.5, 133.5, '24', 11.9286, (0, 1)),
('華邦電:2344.TW', 1, 169.5, 172, 166, 172, '24', 14.3929, (2, 0)),
('南茂:8150.TW', 1, 101.5, 104, 96.7, 97, '24', 9.4786, (0, 1)),
('至上:8112.TW', 1, 98.3, 104, 98.2, 98.8, '29', 5.4071, (5, 0)),
('力積電:6770.TW', 1, 68, 68, 67, 67.2, '24', 6.0429, (0, 1)),
('燿華:2367.TW', 1, 67.4, 68.8, 62.7, 62.7, '28', 4.1286, (0, 3)),
('希華:2484.TW', 1, 64, 66.7, 61.8, 66.7, '28', 5.675, (2, 0)),
('南亞:1303.TW', 1, 101, 106.5, 101, 106.5, '03', 7.9786, (2, 0)),
('敬鵬:2355.TW', 1, 62.8, 64.4, 61.4, 61.6, '28', 4.1, (0, 1)),
('台玻:1802.TW', 1, 62.3, 64.9, 62.1, 64.1, '08', 4.85, (1, 0)),
('富邦金:2881.TW', 1, 127, 129, 120.5, 122, '17', 5.7714, (0, 1)),
('英業達:2356.TW', 1, 68.5, 69.2, 66.1, 66.2, '25', 6.0429, (0, 1)),
('緯創:3231.TW', 1, 159, 159, 156, 156, '25', 10.4286, (0, 4)),
('益登:3048.TW', 1, 76, 77.9, 72.5, 73, '29', 5.7571, (0, 1)),
('鈞寶:6155.TW', 1, 88.6, 89.5, 80.7, 82, '28', 8.2214, (0, 1)),
('國泰金:2882.TW', 1, 102, 105.5, 99.7, 100.5, '17', 4.3429, (0, 3)),
('康舒:6282.TW', 1, 59.7, 60.9, 58, 58.1, '28', 5.6429, (0, 3)),
('強茂:2481.TW', 1, 143, 150.5, 142.5, 145, '24', 13.9286, (2, 0)),
('旺宏:2337.TW', 1, 147, 148, 144, 146.5, '24', 11.4643, (0, 1)),
('大毅:2478.TW', 1, 189, 194.5, 168, 171.5, '28', 15.5, (0, 2)),
('和碩:4938.TW', 1, 96, 97, 93.1, 93.1, '25', 5.1857, (0, 2)),
('微星:2377.TW', 1, 139.5, 143.5, 136.5, 136.5, '25', 8.4286, (0, 1)),
('鼎元:2426.TW', 1, 67.5, 69.8, 65, 68, '26', 7.0143, (2, 0)),
('新唐:4919.TW', 1, 185.5, 188, 175.5, 175.5, '24', 16.7143, (0, 1)),
('大聯大:3702.TW', 1, 111.5, 111.5, 104, 105, '29', 5.1429, (0, 3)),
('台虹:8039.TW', 1, 141, 149.5, 141, 149.5, '28', 11.75, (2, 0)),
('神達:3706.TW', 1, 88.9, 89.6, 85.5, 85.5, '25', 5.7143, (0, 1)),
('兆赫:2485.TW', 1, 68.2, 68.9, 64.4, 64.8, '27', 4.4357, (0, 1)),
('事欣科:4916.TW', 1, 118.5, 120.5, 106.5, 107.5, '25', 10.0071, (0, 1)),
('今國光:6209.TW', 1, 82.1, 84.8, 80, 82.4, '26', 6.4071, (1, 0)),
('富鼎:8261.TW', 1, 166, 173.5, 163, 173.5, '24', 14.75, (2, 0)),
('天二科技:6834.TW', 1, 82, 84.1, 79.5, 84.1, '28', 7.95, (2, 0)),
('台汽電:8926.TW', 1, 76.8, 78.3, 74, 74.2, '23', 4.4714, (0, 2)),
('東元:1504.TW', 1, 70.5, 72, 69.9, 71, '05', 4.8714, (1, 0)),
('TPK-KY:3673.TW', 1, 81.6, 83.4, 79.5, 79.8, '26', 7.6, (0, 3)),
('盟立:2464.TW', 1, 149.5, 153, 145, 149, '31', 14.3571, (0, 3)),
('中租-KY:5871.TW', 1, 122, 122, 119.5, 121.5, '20', 4.2143, (0, 1)),
('富采:3714.TW', 1, 65, 66.5, 64.4, 64.4, '26', 4.4429, (0, 1)),
('凱美:2375.TW', 1, 173, 177, 169, 172.5, '28', 15.4286, (0, 3)),
('惠特:6706.TW', 1, 170, 177, 163.5, 167, '26', 15.9286, (0, 1)),
('豐泰:9910.TW', 1, 97.7, 98.5, 91.8, 91.9, '37', 5.1214, (0, 1)),
('光洋科:1785.TWO', 1, 148.5, 151, 141, 141.5, '31', 10.1786, (0, 1)),
('世界:5347.TWO', 1, 169, 173.5, 168, 169.5, '24', 10.5357, (2, 0)),
('凱崴:5498.TWO', 1, 68, 70.8, 67.3, 69.4, '28', 4.4571, (2, 0)),
('鈺創:5351.TWO', 1, 87.9, 91, 87.7, 88.7, '24', 6.6357, (1, 0)),
('台半:5425.TWO', 1, 96.2, 101, 95, 101, '24', 9.4929, (2, 0)),
('光頡:3624.TWO', 1, 117.5, 121, 115.5, 118, '28', 12.05, (1, 0)),
('中美晶:5483.TWO', 1, 152, 159.5, 151.5, 159, '24', 11.2857, (2, 0)),
('台嘉碩:3221.TWO', 1, 62.4, 63.9, 60.1, 60.4, '27', 5.5929, (0, 1)),
('聯一光:3441.TWO', 1, 72, 75.5, 69.6, 70, '26', 5.3821, (0, 1)),
('富喬:1815.TWO', 1, 95, 97.8, 93.9, 96.2, '28', 6.3929, (1, 0)),
('雷科:6207.TWO', 1, 131, 134, 124, 124, '28', 12.7286, (0, 2)),
('方土昶:6265.TWO', 1, 59.4, 62.2, 58.7, 58.9, '29', 4.7429, (0, 1)),
('立敦:6175.TWO', 1, 107, 109, 98.5, 98.6, '28', 9.9571, (0, 1)),
('漢磊:3707.TWO', 1, 77.7, 79.9, 77.1, 77.1, '24', 6.7929, (0, 1)),
('亞電:4939.TWO', 1, 62, 66.2, 61.9, 66.2, '28', 6.5143, (1, 0)),
('擎亞:8096.TWO', 1, 127, 133, 126, 132.5, '29', 10.4643, (2, 0)),
('先進光:3362.TWO', 1, 168.5, 175.5, 160, 160.5, '26', 10.6071, (0, 2)),
('智通*:8932.TWO', 1, 100, 108, 100, 106.5, '36', 6.1286, (1, 0)),
('泰藝:8289.TWO', 1, 75.3, 75.3, 66.9, 68, '28', 6.1786, (0, 1)),
('合晶:6182.TWO', 1, 88.9, 88.9, 87, 88.9, '24', 8.6, (0, 0)),
('九豪:6127.TWO', 1, 81.5, 81.5, 75.8, 75.9, '28', 7.8929, (0, 1)),
('東捷:8064.TWO', 1, 141.5, 143, 134, 134.5, '26', 15.3214, (0, 4)),
('碩禾:3691.TWO', 1, 170.5, 177, 157.5, 158.5, '26', 14.6429, (0, 1)),
('堡達:3537.TWO', 1, 80, 82.8, 74.9, 75.6, '28', 7.8214, (0, 3)),
('千如:3236.TWO', 1, 61.9, 63.2, 61.9, 63.2, '28', 4.925, (2, 0)),
('佳邦:6284.TWO', 1, 100, 103.5, 97.5, 98.6, '28', 10.6214, (0, 3)),
('系統電:5309.TWO', 1, 68.4, 71, 68.4, 69.7, '28', 5.4286, (1, 0)),
('今展科:6432.TWO', 1, 76.5, 77.8, 70.1, 70.1, '28', 5.9857, (0, 2)),
('聯寶:6821.TWO', 1, 69, 73.9, 67.4, 67.5, '28', 4.7857, (0, 1)),
('艾訊:3088.TWO', 1, 150.5, 150.5, 140, 141, '25', 7.3214, (0, 1)),
('品安:8088.TWO', 1, 60, 63, 59.8, 61.4, '24', 4.0786, (1, 0)),
('保勝光學:6517.TWO', 1, 71.7, 72.9, 66.6, 66.6, '26', 4.3357, (0, 1)),
('萬泰科:6190.TWO', 1, 82, 82.6, 79.6, 80.4, '27', 5.5071, (0, 3)),