('群創:3481.TW', 1, 69.3, 71, 68.5, 68.7, '26', 5.3, (0, 1)),
('聯電:2303.TW', 1, 169, 173.5, 164.5, 164.5, '24', 11.4643, (0, 4)),
('力積電:6770.TW', 1, 79.9, 80.4, 77.8, 79.7, '24', 5.7, (0, 4)),
('台玻:1802.TW', 1, 69.3, 74.8, 68.7, 74.8, '08', 4.9714, (2, 0)),
('國泰金:2882.TW', 1, 96.8, 99, 94.4, 98.3, '17', 5.2714, (1, 0)),
('旺宏:2337.TW', 1, 162, 162.5, 153.5, 155.5, '24', 11.6786, (0, 2)),
('富邦金:2881.TW', 1, 130, 132, 127, 129.5, '17', 5.4643, (0, 3)),
('南茂:8150.TW', 1, 94.3, 99.5, 93.6, 99.5, '24', 9.2571, (1, 0)),
('希華:2484.TW', 1, 69.3, 73.8, 68.3, 72.6, '28', 6.1143, (1, 0)),
('微星:2377.TW', 1, 142, 146, 139.5, 146, '25', 5.75, (2, 0)),
('精成科:6191.TW', 1, 107, 113, 105.5, 106.5, '28', 5.3929, (0, 1)),
('雷虎:8033.TW', 1, 156, 169.5, 153, 169.5, '20', 7.1786, (3, 0)),
('南亞:1303.TW', 1, 157, 166.5, 157, 166.5, '03', 11.1857, (2, 0)),
('緯創:3231.TW', 1, 157.5, 160, 156, 158.5, '25', 5.9643, (2, 0)),
('正達:3149.TW', 1, 96, 101.5, 95.1, 101.5, '26', 7.9857, (1, 0)),
('矽統:2363.TW', 1, 70.1, 71, 68.2, 69, '24', 4.5643, (0, 1)),
('至上:8112.TW', 1, 93.1, 93.7, 90.4, 92.4, '29', 4.8929, (0, 1)),
('和碩:4938.TW', 1, 83.7, 84.5, 81.8, 83.8, '25', 4.3143, (2, 0)),
('大聯大:3702.TW', 1, 105.5, 108.5, 105, 107, '29', 4.5714, (1, 0)),
('嘉晶:3016.TW', 1, 128.5, 133.5, 127, 133.5, '24', 11.6214, (1, 0)),
('鼎元:2426.TW', 1, 77.6, 79.3, 75.7, 76.1, '26', 7.4857, (0, 4)),
('盟立:2464.TW', 1, 161, 175, 159, 173, '31', 12.6071, (2, 0)),
('瀚宇博:5469.TW', 1, 89.8, 92.5, 88.8, 89.3, '28', 4.35, (0, 2)),
('TPK-KY:3673.TW', 1, 79.5, 81.5, 78.6, 80.4, '26', 5.4714, (1, 0)),
('鈞寶:6155.TW', 1, 85, 92, 84.2, 91.9, '28', 7.8, (1, 0)),
('台虹:8039.TW', 1, 140, 149, 140, 149, '28', 9.5357, (1, 0)),
('富喬:1815.TWO', 1, 102, 111, 101.5, 111, '28', 7.25, (2, 0)),
('中光電:5371.TWO', 1, 82.2, 86.9, 79.4, 86.9, '26', 4.0357, (2, 0)),
('華容:5328.TWO', 1, 66.6, 71.1, 64.7, 71.1, '28', 5.6107, (1, 0)),
('中美晶:5483.TWO', 1, 169.5, 180, 168.5, 180, '24', 11.3571, (1, 0)),
('合晶:6182.TWO', 1, 119.5, 123, 118.5, 123, '24', 10.9071, (1, 0)),
('鈺創:5351.TWO', 1, 89, 89.5, 84.8, 86.8, '24', 5.9, (0, 1)),
('漢磊:3707.TWO', 1, 82.2, 86.9, 81.4, 86.9, '24', 6.5071, (1, 0)),
('亞電:4939.TWO', 1, 64.2, 66.8, 63.2, 64.3, '28', 4.8143, (3, 0)),
('光洋科:1785.TWO', 1, 146, 148, 143, 144.5, '31', 8.8929, (0, 1)),
('九豪:6127.TWO', 1, 85.3, 92.9, 85.1, 92.9, '28', 6.65, (1, 0)),
('長科*:6548.TWO', 1, 87.1, 87.1, 82.2, 83.9, '24', 7.1857, (0, 2)),
('千如:3236.TWO', 1, 63.1, 68.9, 62.2, 68.9, '28', 5.8786, (1, 0)),
('雷科:6207.TWO', 1, 139, 146.5, 137.5, 146.5, '28', 13.1429, (1, 0)),
('立敦:6175.TWO', 1, 109.5, 116, 108.5, 112.5, '28', 9.5714, (1, 0)),
('台嘉碩:3221.TWO', 1, 57.5, 60, 57.1, 58.6, '27', 4.3214, (1, 0)),
('均豪:5443.TWO', 1, 113, 119.5, 112, 115.5, '24', 5.6714, (2, 0)),
('東捷:8064.TWO', 1, 138, 146, 137.5, 146, '26', 12.6071, (1, 0)),
('台半:5425.TWO', 1, 113, 120.5, 113, 120.5, '24', 9.5357, (1, 0)),
('邑錡:7402.TWO', 1, 112, 118, 110.5, 115, '26', 5.2571, (2, 0)),
('今展科:6432.TWO', 1, 70.8, 77.2, 70.8, 76.1, '28', 6.9857, (1, 0)),
('尼克森:3317.TWO', 1, 86.6, 90.3, 86.6, 89.4, '24', 5.8429, (1, 0)),
('安國:8054.TWO', 1, 117, 119.5, 115, 119, '24', 7.7071, (1, 0)),
('智通*:8932.TWO', 1, 105, 110, 104, 108.5, '36', 6.4, (1, 0)),
('建榮:5340.TWO', 1, 92.3, 97.2, 90.8, 95.7, '28', 5.9357, (2, 0)),
('港建*:3093.TWO', 1, 70.9, 74.8, 69, 72, '31', 4.9286, (1, 0)),
('宜特:3289.TWO', 1, 163, 174.5, 161, 174.5, '31', 9.6786, (2, 0)),