('群創:3481.TW', 1, 65, 72.6, 63.9, 69.4, '26', 5.1536, (2, 0)),
('聯電:2303.TW', 1, 172, 185.5, 165.5, 178, '24', 11.25, (1, 0)),
('力積電:6770.TW', 1, 78, 85.7, 77.2, 85.7, '24', 5.9071, (1, 0)),
('旺宏:2337.TW', 1, 169, 174, 166, 172, '24', 11.0, (1, 0)),
('南亞:1303.TW', 1, 145.5, 169.5, 145.5, 156, '03', 10.5357, (1, 0)),
('台玻:1802.TW', 1, 68.7, 70.4, 67.8, 69.3, '08', 4.6071, (1, 0)),
('康舒:6282.TW', 1, 61.2, 64, 60.7, 62, '28', 4.6214, (1, 0)),
('南茂:8150.TW', 1, 103, 106, 98.4, 103, '24', 8.9, (0, 0)),
('正達:3149.TW', 1, 91.9, 103.5, 91.3, 102, '26', 7.1571, (1, 0)),
('矽統:2363.TW', 1, 65.5, 72, 65.2, 69.2, '24', 4.0429, (1, 0)),
('國泰金:2882.TW', 1, 110.5, 114, 110, 110, '17', 5.4643, (0, 1)),
('富邦金:2881.TW', 1, 135.5, 139, 134.5, 134.5, '17', 5.8571, (0, 1)),
('緯創:3231.TW', 1, 156.5, 159.5, 155, 157.5, '25', 7.8214, (1, 0)),
('鼎元:2426.TW', 1, 92, 98, 91, 93.3, '26', 7.4286, (1, 0)),
('希華:2484.TW', 1, 63, 69.3, 63, 69.3, '28', 6.1964, (1, 0)),
('英業達:2356.TW', 1, 65.6, 67.4, 64.3, 66.4, '25', 4.0786, (1, 0)),
('和碩:4938.TW', 1, 80.3, 84.5, 80.1, 84, '25', 5.0214, (1, 0)),
('TPK-KY:3673.TW', 1, 81.5, 88.5, 80.8, 83.6, '26', 6.1857, (1, 0)),
('富采:3714.TW', 1, 69, 73.6, 68.6, 71.2, '26', 4.3571, (1, 0)),
('嘉晶:3016.TW', 1, 151.5, 153, 137.5, 137.5, '24', 10.6786, (0, 1)),
('台郡:6269.TW', 1, 83, 84.3, 78.9, 79, '28', 6.6357, (0, 2)),
('東陽:1319.TW', 1, 80, 80, 77.5, 79.5, '12', 5.7286, (0, 4)),
('界霖:5285.TW', 1, 99.9, 110, 98.1, 110, '24', 7.1643, (1, 0)),
('超豐:2441.TW', 1, 135, 143, 134.5, 142.5, '24', 7.25, (1, 0)),
('兆赫:2485.TW', 1, 56.8, 61.1, 56.3, 58.8, '27', 4.1857, (1, 0)),
('芯鼎:6695.TW', 1, 62.5, 68.9, 62.2, 68.9, '24', 4.1143, (1, 0)),
('至上:8112.TW', 1, 94.4, 96.5, 93.8, 95.8, '29', 5.65, (1, 0)),
('威盛:2388.TW', 1, 78.8, 81.5, 76.9, 78.6, '24', 5.2929, (0, 2)),
('神達:3706.TW', 1, 85, 87.1, 84.6, 86.7, '25', 4.1357, (1, 0)),
('盛群:6202.TW', 1, 71, 73, 68.5, 71.4, '24', 4.9929, (1, 0)),
('鈞寶:6155.TW', 1, 87, 91.8, 84.8, 87, '28', 8.6214, (0, 0)),
('亞力:1514.TW', 1, 129, 129.5, 125.5, 128, '05', 6.8214, (0, 2)),
('合晶:6182.TWO', 1, 112, 116.5, 106.5, 116, '24', 9.3071, (2, 0)),
('台半:5425.TWO', 1, 127, 135.5, 123.5, 132.5, '24', 9.3214, (1, 0)),
('漢磊:3707.TWO', 1, 95.5, 95.5, 90.5, 90.5, '24', 6.4857, (0, 1)),
('華容:5328.TWO', 1, 51.7, 58.1, 51.7, 58.1, '28', 4.6036, (1, 0)),
('富喬:1815.TWO', 1, 99.6, 106.5, 99.6, 106.5, '28', 6.4214, (1, 0)),
('長科*:6548.TWO', 1, 93.5, 96.4, 89, 91.6, '24', 8.4143, (0, 2)),
('光洋科:1785.TWO', 1, 148.5, 154.5, 142.5, 144, '31', 8.9286, (0, 3)),
('安國:8054.TWO', 1, 119, 136.5, 119, 136.5, '24', 6.1643, (5, 0)),
('鈺創:5351.TWO', 1, 89.5, 93.3, 89.2, 91.9, '24', 6.5857, (1, 0)),
('九暘:8040.TWO', 1, 113, 125, 113, 125, '24', 7.5214, (5, 0)),
('雷科:6207.TWO', 1, 152.5, 163.5, 152, 159.5, '28', 14.5357, (1, 0)),
('立敦:6175.TWO', 1, 109.5, 116, 109, 115.5, '28', 10.1, (1, 0)),
('中美晶:5483.TWO', 1, 171.5, 171.5, 165.5, 169, '24', 11.6786, (0, 4)),
('港建*:3093.TWO', 1, 70.5, 74.4, 68.2, 72.3, '31', 5.2571, (2, 0)),
('安可:3615.TWO', 1, 56.1, 61.2, 55.3, 57, '26', 5.725, (1, 0)),
('千如:3236.TWO', 1, 60.7, 63.9, 60.5, 63.8, '28', 5.3679, (1, 0)),
('東捷:8064.TWO', 1, 151.5, 161, 151.5, 152, '26', 14.0714, (1, 0)),
('尼克森:3317.TWO', 1, 91.3, 94.8, 89, 93.3, '24', 5.8357, (1, 0)),
('雅特力-KY:6907.TWO', 1, 158, 175, 152.5, 155.5, '24', 13.9643, (0, 1)),
('亞電:4939.TWO', 1, 58.7, 63.5, 58.7, 62.6, '28', 5.8286, (1, 0)),
('神盾:6462.TWO', 1, 120, 134, 119, 134, '24', 6.1429, (1, 0)),
('光環:3234.TWO', 1, 133.5, 147.5, 131, 145.5, '27', 12.6429, (2, 0)),
('台嘉碩:3221.TWO', 1, 55.2, 57.5, 55.1, 56.6, '27', 4.9714, (1, 0)),
('智通*:8932.TWO', 1, 100, 106, 99.6, 104.5, '36', 5.4714, (1, 0)),
('方土昶:6265.TWO', 1, 55.2, 56.6, 55, 55.9, '29', 4.1571, (1, 0)),
('光頡:3624.TWO', 1, 157.5, 157.5, 143.5, 147.5, '28', 14.0786, (0, 2)),
('日揚:6208.TWO', 1, 100, 106, 98.6, 105, '24', 6.9071, (1, 0)),
('宏捷科:8086.TWO', 1, 155, 156.5, 152.5, 154.5, '24', 9.0357, (0, 3)),