('聯電:2303.TW', 1, 139.5, 143.5, 137, 141.5, '24', 12.0357, (1, 0)),
('希華:2484.TW', 1, 68.1, 73.3, 66.1, 73.3, '28', 5.7321, (3, 0)),
('力積電:6770.TW', 1, 69.6, 73.9, 69.6, 73.3, '24', 6.0929, (1, 0)),
('南亞:1303.TW', 1, 108.5, 117, 106.5, 117, '03', 8.2071, (3, 0)),
('台玻:1802.TW', 1, 66, 69, 64.6, 67.4, '08', 4.5429, (2, 0)),
('和碩:4938.TW', 1, 87, 90, 83.4, 83.5, '25', 5.75, (0, 3)),
('緯創:3231.TW', 1, 162, 166, 158.5, 161.5, '25', 10.8571, (0, 5)),
('南茂:8150.TW', 1, 100.5, 102, 95.9, 95.9, '24', 9.6071, (0, 2)),
('至上:8112.TW', 1, 101, 101, 96.8, 97.3, '29', 5.5929, (0, 1)),
('英業達:2356.TW', 1, 68.2, 69.4, 66.8, 67.1, '25', 5.7, (0, 2)),
('燿華:2367.TW', 1, 64.3, 64.8, 62, 62.8, '28', 4.0357, (0, 4)),
('強茂:2481.TW', 1, 150, 151, 141.5, 142.5, '24', 13.6786, (0, 1)),
('敬鵬:2355.TW', 1, 63.9, 64, 60.3, 60.3, '28', 4.15, (0, 2)),
('旺宏:2337.TW', 1, 151, 159, 150, 159, '24', 11.5357, (1, 0)),
('康舒:6282.TW', 1, 59.5, 60.4, 58.3, 58.3, '28', 5.5429, (0, 4)),
('富邦金:2881.TW', 1, 126, 128, 124.5, 127.5, '17', 5.7857, (1, 0)),
('國泰金:2882.TW', 1, 105, 105.5, 103, 104, '17', 4.5214, (0, 4)),
('群光:2385.TW', 1, 131, 132, 120.5, 121.5, '28', 6.3929, (0, 2)),
('今國光:6209.TW', 1, 83.8, 89.6, 82.8, 86.7, '26', 6.5, (2, 0)),
('東元:1504.TW', 1, 72.7, 74.7, 72, 73.2, '05', 4.9571, (2, 0)),
('益登:3048.TW', 1, 73.5, 76.7, 72.6, 73.5, '29', 5.6929, (0, 0)),
('精成科:6191.TW', 1, 96, 103, 94.4, 103, '28', 5.1571, (1, 0)),
('鈞寶:6155.TW', 1, 83.6, 90.2, 83.6, 90.2, '28', 8.4714, (1, 0)),
('環科:2413.TW', 1, 64.7, 67.3, 61, 62.5, '28', 4.0071, (0, 1)),
('微星:2377.TW', 1, 141, 142.5, 136.5, 140, '25', 8.5, (0, 2)),
('亞光:3019.TW', 1, 148.5, 160, 148, 158, '26', 9.1786, (1, 0)),
('事欣科:4916.TW', 1, 107.5, 108, 99.2, 99.5, '25', 10.1714, (0, 2)),
('神達:3706.TW', 1, 86.6, 87.4, 85.3, 85.6, '25', 5.6286, (0, 2)),
('台郡:6269.TW', 1, 71.5, 75.7, 71.1, 73.6, '28', 5.5643, (2, 0)),
('天二科技:6834.TW', 1, 89.1, 92.5, 86.1, 90.9, '28', 7.7857, (3, 0)),
('TPK-KY:3673.TW', 1, 82, 83.5, 78.8, 79.5, '26', 7.3714, (0, 4)),
('福懋科:8131.TW', 1, 73.9, 76.9, 72.5, 75.7, '24', 5.3786, (3, 0)),
('大聯大:3702.TW', 1, 107, 108.5, 103.5, 107.5, '29', 5.1071, (1, 0)),
('兆赫:2485.TW', 1, 65.8, 66.6, 63.5, 63.7, '27', 4.3571, (0, 2)),
('台虹:8039.TW', 1, 153, 153.5, 147.5, 147.5, '28', 11.6071, (0, 1)),
('華東:8110.TW', 1, 56.2, 57.5, 55, 57.5, '24', 4.5786, (1, 0)),
('台汽電:8926.TW', 1, 74.7, 75, 72.2, 72.4, '23', 4.2286, (0, 3)),
('中租-KY:5871.TW', 1, 122.5, 122.5, 117, 118.5, '20', 4.3929, (0, 2)),
('嘉晶:3016.TW', 1, 122, 125, 118.5, 125, '24', 10.8571, (1, 0)),
('富采:3714.TW', 1, 66.7, 68, 65.7, 66.3, '26', 4.4143, (0, 2)),
('瑞儀:6176.TW', 1, 92.2, 92.2, 88.6, 88.7, '26', 4.3071, (0, 2)),
('超豐:2441.TW', 1, 126, 129, 123.5, 127, '24', 7.5, (1, 0)),
('鼎元:2426.TW', 1, 74.8, 74.8, 74.8, 74.8, '26', 7.1286, (0, 0)),
('台半:5425.TWO', 1, 105, 106.5, 98.9, 101, '24', 9.4, (0, 1)),
('千如:3236.TWO', 1, 64.8, 69.5, 63.7, 69.5, '28', 4.7893, (3, 0)),
('亞電:4939.TWO', 1, 68.6, 71.4, 66.5, 70.5, '28', 6.5786, (2, 0)),
('富喬:1815.TWO', 1, 98.1, 98.6, 94.1, 95.1, '28', 6.2857, (0, 1)),
('鈺創:5351.TWO', 1, 91.4, 93.5, 89, 90.6, '24', 6.7214, (0, 1)),
('光頡:3624.TWO', 1, 118, 129.5, 117, 129.5, '28', 12.2714, (2, 0)),
('中美晶:5483.TWO', 1, 166, 174.5, 164.5, 174.5, '24', 11.4286, (3, 0)),
('世界:5347.TWO', 1, 174.5, 176.5, 170.5, 174.5, '24', 10.4286, (0, 0)),
('台嘉碩:3221.TWO', 1, 61.6, 65, 61.1, 63.7, '27', 5.5571, (1, 0)),
('光洋科:1785.TWO', 1, 144.5, 149, 142, 145.5, '31', 10.0357, (1, 0)),
('漢磊:3707.TWO', 1, 81, 83.2, 80.6, 81.7, '24', 6.3929, (1, 0)),
('凱崴:5498.TWO', 1, 72.1, 72.3, 67.7, 67.8, '28', 4.4714, (0, 1)),
('立敦:6175.TWO', 1, 101.5, 108, 101.5, 108, '28', 10.1214, (1, 0)),
('加高:8182.TWO', 1, 54, 58.6, 54, 57, '28', 4.525, (1, 0)),
('擎亞:8096.TWO', 1, 137, 145.5, 133.5, 145.5, '29', 10.8214, (3, 0)),
('聯一光:3441.TWO', 1, 71.4, 77, 70, 73.7, '26', 5.5536, (1, 0)),
('佳邦:6284.TWO', 1, 101.5, 107, 101.5, 104, '28', 10.3643, (1, 0)),
('方土昶:6265.TWO', 1, 60.6, 61.1, 58.2, 58.4, '29', 4.7071, (0, 2)),
('雷科:6207.TWO', 1, 131, 136, 131, 136, '28', 12.8929, (1, 0)),
('合晶:6182.TWO', 1, 94.2, 97.7, 94.2, 97.7, '24', 8.6857, (1, 0)),
('先進光:3362.TWO', 1, 161.5, 176.5, 161.5, 176.5, '26', 11.5714, (1, 0)),
('系統電:5309.TWO', 1, 71, 71.4, 69.1, 69.1, '28', 5.2571, (0, 1)),
('智通*:8932.TWO', 1, 105, 106.5, 102, 103, '36', 5.8786, (0, 1)),
('東捷:8064.TWO', 1, 139, 143.5, 138.5, 139.5, '26', 14.8571, (1, 0)),
('堡達:3537.TWO', 1, 77, 81.4, 77, 79.4, '28', 7.6929, (1, 0)),
('今展科:6432.TWO', 1, 70.8, 75.2, 70.8, 74.1, '28', 6.0429, (1, 0)),
('泰藝:8289.TWO', 1, 69.6, 72.8, 69, 69.4, '28', 6.1, (0, 2)),
('美琪瑪:4721.TWO', 1, 95.2, 101, 95.2, 101, '21', 5.3929, (1, 0)),
('品安:8088.TWO', 1, 62.7, 65.6, 61.6, 64.1, '24', 4.1429, (2, 0)),
('九豪:6127.TWO', 1, 78, 79.2, 77.2, 79, '28', 7.5571, (1, 0)),
('尼克森:3317.TWO', 1, 82.1, 82.8, 79.5, 81.2, '24', 4.6429, (0, 1)),
('鑫科:3663.TWO', 1, 68.9, 74, 68.7, 71.9, '31', 5.6357, (1, 0)),
('萬泰科:6190.TWO', 1, 82.6, 82.8, 79.2, 79.3, '27', 5.5214, (0, 4)),