('聯電:2303.TW', 1, 126.5, 131.5, 122.5, 125, '24', 11.1071, (0, 3)),
('華邦電:2344.TW', 1, 175, 188, 175, 179.5, '24', 13.2143, (1, 0)),
('群創:3481.TW', 1, 56.9, 57, 55.2, 55.8, '26', 4.55, (0, 1)),
('英業達:2356.TW', 1, 84.6, 85.8, 77.8, 77.8, '25', 5.45, (0, 1)),
('緯創:3231.TW', 1, 188, 189, 176, 176, '25', 8.9643, (0, 1)),
('康舒:6282.TW', 1, 63.9, 70.8, 63.8, 70.8, '28', 4.5536, (2, 0)),
('南茂:8150.TW', 1, 94.1, 105, 94.1, 99.1, '24', 7.8429, (1, 0)),
('力積電:6770.TW', 1, 82.9, 83.4, 80.2, 81, '24', 5.5286, (0, 4)),
('台玻:1802.TW', 1, 70.9, 71.8, 68.4, 68.9, '08', 4.8643, (0, 1)),
('神達:3706.TW', 1, 98, 102, 93.9, 93.9, '25', 4.45, (0, 1)),
('南亞:1303.TW', 1, 111, 117, 110.5, 111, '03', 6.3571, (0, 0)),
('強茂:2481.TW', 1, 157, 172, 156, 159.5, '24', 13.75, (2, 0)),
('正達:3149.TW', 1, 90, 96.5, 89.6, 91, '26', 5.4429, (2, 0)),
('GIS-KY:6456.TW', 1, 91.5, 95.1, 85.1, 86, '26', 6.9714, (0, 1)),
('TPK-KY:3673.TW', 1, 92, 94.5, 87.5, 87.6, '26', 7.7214, (0, 1)),
('微星:2377.TW', 1, 145, 147.5, 140, 140, '25', 7.7143, (0, 2)),
('旺宏:2337.TW', 1, 158, 161, 156.5, 156.5, '24', 12.1429, (0, 2)),
('亞力:1514.TW', 1, 140, 149.5, 140, 149.5, '05', 6.5714, (2, 0)),
('今國光:6209.TW', 1, 80, 87.5, 79.8, 84.7, '26', 5.4071, (2, 0)),
('敬鵬:2355.TW', 1, 59, 59.5, 56, 56.4, '28', 4.6286, (0, 4)),
('大聯大:3702.TW', 1, 119, 119.5, 115, 116.5, '29', 6.3571, (0, 2)),
('兆赫:2485.TW', 1, 68.3, 68.5, 65.8, 65.8, '27', 4.4143, (0, 4)),
('長興:1717.TW', 1, 78, 78.7, 76.3, 76.4, '21', 4.3286, (0, 9)),
('富采:3714.TW', 1, 69, 70.2, 67.8, 68.5, '26', 4.55, (0, 9)),
('台虹:8039.TW', 1, 147.5, 150, 140.5, 140.5, '28', 11.6429, (0, 1)),
('揚博:2493.TW', 1, 161, 177.5, 159, 177.5, '28', 11.1786, (2, 0)),
('建準:2421.TW', 1, 167, 178, 166.5, 168.5, '28', 7.9643, (2, 0)),
('東捷:8064.TWO', 1, 171.5, 189.5, 166, 169, '26', 14.7143, (0, 1)),
('系統電:5309.TWO', 1, 78.7, 84.4, 77.8, 81.8, '28', 4.7143, (1, 0)),
('鈺創:5351.TWO', 1, 89.1, 94.9, 88, 88.1, '24', 5.8143, (0, 2)),
('台半:5425.TWO', 1, 103, 111, 101.5, 101.5, '24', 9.2714, (0, 5)),
('世界:5347.TWO', 1, 166, 168, 160, 163, '24', 10.5714, (0, 3)),
('安可:3615.TWO', 1, 53, 59.7, 52.6, 57.9, '26', 4.6, (2, 0)),
('方土昶:6265.TWO', 1, 58.5, 64.7, 58.5, 63.9, '29', 4.0964, (1, 0)),
('九豪:6127.TWO', 1, 74.6, 78.5, 74.2, 75.2, '28', 5.5821, (1, 0)),
('雷科:6207.TWO', 1, 142, 153, 141, 153, '28', 10.1857, (2, 0)),
('光頡:3624.TWO', 1, 104, 113, 103.5, 103.5, '28', 9.3929, (0, 2)),
('漢磊:3707.TWO', 1, 82.6, 83.6, 77.5, 77.5, '24', 6.7357, (0, 1)),
('富喬:1815.TWO', 1, 106, 107.5, 103.5, 104, '28', 5.6786, (0, 3)),
('長科*:6548.TWO', 1, 89.2, 98.1, 81.4, 98.1, '24', 5.2036, (12, 0)),
('中美晶:5483.TWO', 1, 164, 164.5, 159, 160.5, '24', 9.6429, (0, 1)),
('蜜望實:8043.TWO', 1, 148.5, 159, 145, 145, '28', 13.1429, (0, 2)),
('光洋科:1785.TWO', 1, 140, 144.5, 138.5, 139.5, '31', 9.8214, (0, 4)),
('力致:3483.TWO', 1, 113, 113.5, 105.5, 107, '25', 5.2071, (0, 1)),
('點序:6485.TWO', 1, 114, 124, 114, 124, '24', 9.9857, (1, 0)),
('擎亞:8096.TWO', 1, 134, 142, 134, 136, '29', 9.2, (1, 0)),
('宜特:3289.TWO', 1, 178, 184, 174.5, 179, '31', 7.8571, (2, 0)),
('光環:3234.TWO', 1, 140, 142, 131, 136.5, '27', 8.5643, (0, 1)),
('碩禾:3691.TWO', 1, 163.5, 175.5, 162.5, 164.5, '26', 12.25, (2, 0)),
('雅特力-KY:6907.TWO', 1, 147, 154, 140.5, 154, '24', 9.1786, (2, 0)),
('萬泰科:6190.TWO', 1, 81.8, 84.4, 81.6, 82, '27', 4.7429, (1, 0)),
('合晶:6182.TWO', 1, 94, 94.3, 89.9, 90.9, '24', 6.7786, (0, 1)),
('創威:6530.TWO', 1, 119.5, 120, 109.5, 109.5, '27', 7.3571, (0, 1)),
('湧德:3689.TWO', 1, 141, 144.5, 138, 141, '28', 5.7857, (0, 0)),
('立敦:6175.TWO', 1, 89.4, 93, 87.5, 87.9, '28', 7.6143, (0, 5)),
('霖宏:5464.TWO', 1, 69, 69, 63, 65.8, '28', 6.6357, (0, 4)),