('群創:3481.TW', 1, 66.1, 69.8, 65.2, 67.6, '26', 5.1286, (1, 0)),
('力積電:6770.TW', 1, 70.4, 75.8, 70.3, 74.7, '24', 5.9286, (1, 0)),
('南茂:8150.TW', 1, 103, 112.5, 101.5, 108.5, '24', 9.3071, (3, 0)),
('聯電:2303.TW', 1, 164, 168, 158, 165.5, '24', 11.25, (1, 0)),
('富邦金:2881.TW', 1, 122, 123.5, 118, 119.5, '17', 5.8571, (0, 5)),
('旺宏:2337.TW', 1, 135, 146, 135, 145.5, '24', 12.1429, (1, 0)),
('希華:2484.TW', 1, 80.5, 87.7, 79.2, 87.7, '28', 6.1929, (3, 0)),
('國泰金:2882.TW', 1, 95.3, 95.9, 92.6, 93.5, '17', 5.3857, (0, 2)),
('台化:1326.TW', 1, 55.5, 61.9, 55.1, 61.9, '03', 4.0107, (2, 0)),
('台玻:1802.TW', 1, 69.7, 71.1, 68.8, 70.4, '08', 5.1571, (1, 0)),
('精成科:6191.TW', 1, 102, 113.5, 101, 110, '28', 5.8357, (1, 0)),
('宏致:3605.TW', 1, 84.6, 92, 83.2, 90.1, '28', 4.5, (2, 0)),
('事欣科:4916.TW', 1, 114, 116, 110.5, 115, '25', 6.5929, (4, 0)),
('矽統:2363.TW', 1, 72.5, 72.9, 70, 71.1, '24', 4.7929, (0, 1)),
('嘉晶:3016.TW', 1, 121, 134, 121, 134, '24', 12.7857, (1, 0)),
('榮科:4989.TW', 1, 89.5, 100.5, 89.4, 100.5, '28', 6.7214, (4, 0)),
('大聯大:3702.TW', 1, 108, 109, 106, 108, '29', 4.6429, (0, 0)),
('緯創:3231.TW', 1, 157, 160, 156, 158.5, '25', 5.3571, (1, 0)),
('正達:3149.TW', 1, 90, 95.3, 89.3, 90.5, '26', 7.9286, (1, 0)),
('至上:8112.TW', 1, 88.3, 90, 86.8, 89, '29', 4.3429, (1, 0)),
('鼎元:2426.TW', 1, 72.3, 78.3, 70.8, 74.8, '26', 7.35, (1, 0)),
('微星:2377.TW', 1, 142.5, 147, 141, 143, '25', 5.75, (1, 0)),
('TPK-KY:3673.TW', 1, 75.2, 83.8, 74.1, 83.8, '26', 5.8214, (1, 0)),
('所羅門:2359.TW', 1, 132.5, 146.5, 132, 146.5, '31', 6.0714, (4, 0)),
('和椿:6215.TW', 1, 110, 118.5, 110, 118, '31', 4.5, (4, 0)),
('瀚宇博:5469.TW', 1, 84.9, 90.6, 84.2, 87.5, '28', 4.3143, (1, 0)),
('盛群:6202.TW', 1, 63.2, 70.8, 62.6, 69.9, '24', 5.7714, (1, 0)),
('華容:5328.TWO', 1, 81, 84.6, 79.5, 81.9, '28', 5.8393, (3, 0)),
('合晶:6182.TWO', 1, 135.5, 148.5, 135, 148.5, '24', 11.2929, (1, 0)),
('台嘉碩:3221.TWO', 1, 63, 67.5, 61, 64, '27', 4.0714, (3, 0)),
('漢磊:3707.TWO', 1, 82, 88.9, 82, 87.7, '24', 7.0071, (1, 0)),
('中光電:5371.TWO', 1, 88.3, 90.8, 84.7, 84.7, '26', 4.5286, (0, 2)),
('雷科:6207.TWO', 1, 156, 172, 151, 152, '28', 13.8571, (0, 1)),
('光洋科:1785.TWO', 1, 144.5, 153, 142, 152, '31', 8.6071, (1, 0)),
('富喬:1815.TWO', 1, 102, 103.5, 100, 101.5, '28', 7.4929, (0, 2)),
('千如:3236.TWO', 1, 72.9, 75, 70, 70.1, '28', 5.8286, (0, 1)),
('九豪:6127.TWO', 1, 95, 97.2, 90.2, 90.6, '28', 6.3857, (0, 1)),
('鈺創:5351.TWO', 1, 78.9, 83.7, 77.6, 83.7, '24', 5.7357, (1, 0)),
('長科*:6548.TWO', 1, 82.4, 90.6, 81, 90.6, '24', 6.95, (1, 0)),
('台半:5425.TWO', 1, 118, 133.5, 117.5, 133.5, '24', 10.05, (1, 0)),
('今展科:6432.TWO', 1, 78.5, 83.7, 77, 78.1, '28', 6.9, (0, 1)),
('安碁:6174.TWO', 1, 54.4, 59, 52.2, 56.2, '28', 4.5357, (3, 0)),
('尼克森:3317.TWO', 1, 88.5, 97.3, 88, 97.3, '24', 6.3071, (1, 0)),
('佳邦:6284.TWO', 1, 104, 107.5, 103, 106.5, '28', 6.5571, (3, 0)),
('東捷:8064.TWO', 1, 144, 152.5, 143.5, 146.5, '26', 11.5357, (1, 0)),
('亞電:4939.TWO', 1, 60.4, 64.3, 60.4, 61.3, '28', 4.4857, (1, 0)),
('邑錡:7402.TWO', 1, 128, 136, 125, 126, '26', 6.1929, (0, 1)),
('均豪:5443.TWO', 1, 120, 122.5, 116.5, 121.5, '24', 6.0786, (4, 0)),
('泰藝:8289.TWO', 1, 60.9, 65, 60, 62.2, '28', 4.6571, (2, 0)),
('安國:8054.TWO', 1, 117, 117.5, 111.5, 112.5, '24', 7.6, (0, 2)),
('立敦:6175.TWO', 1, 107.5, 111.5, 106.5, 109.5, '28', 9.2571, (1, 0)),