('群創:3481.TW', 1, 53.2, 58.6, 53.2, 58.6, '26', 4.725, (1, 0)),
('力積電:6770.TW', 1, 70.1, 72.5, 69.4, 70.2, '24', 5.7214, (1, 0)),
('聯電:2303.TW', 1, 138.5, 142, 136, 140, '24', 10.9643, (1, 0)),
('旺宏:2337.TW', 1, 164, 168.5, 159.5, 161.5, '24', 10.1786, (0, 1)),
('今國光:6209.TW', 1, 95.5, 104.5, 93.8, 95.7, '26', 7.2143, (4, 0)),
('南亞:1303.TW', 1, 114.5, 126.5, 113.5, 126.5, '03', 8.9357, (1, 0)),
('台玻:1802.TW', 1, 67.7, 70.9, 67.3, 69.3, '08', 4.3429, (1, 0)),
('國泰金:2882.TW', 1, 110, 117, 108, 113.5, '17', 5.0929, (2, 0)),
('緯創:3231.TW', 1, 158.5, 164.5, 158, 162.5, '25', 10.8214, (1, 0)),
('富邦金:2881.TW', 1, 133, 139, 131.5, 135.5, '17', 5.8214, (3, 0)),
('希華:2484.TW', 1, 71.1, 73.6, 68.2, 69.5, '28', 5.8821, (0, 2)),
('盟立:2464.TW', 1, 177, 180.5, 163, 166, '31', 14.9286, (0, 1)),
('TPK-KY:3673.TW', 1, 79.5, 86.6, 78.3, 86.6, '26', 6.8071, (1, 0)),
('東元:1504.TW', 1, 67, 69.3, 67, 68.7, '05', 4.9429, (1, 0)),
('南茂:8150.TW', 1, 95.1, 97.7, 92.8, 94.9, '24', 9.2071, (0, 4)),
('亞光:3019.TW', 1, 162, 168.5, 157.5, 158.5, '26', 9.7143, (0, 1)),
('台郡:6269.TW', 1, 72.5, 80.6, 72.3, 79.9, '28', 6.2143, (1, 0)),
('和碩:4938.TW', 1, 82.9, 83.2, 81, 83, '25', 5.7857, (1, 0)),
('神達:3706.TW', 1, 83.6, 86.6, 83.6, 86.3, '25', 5.5143, (1, 0)),
('強茂:2481.TW', 1, 140, 145.5, 137.5, 145.5, '24', 12.2857, (1, 0)),
('鼎元:2426.TW', 1, 68.9, 75, 68.6, 74.4, '26', 7.3357, (1, 0)),
('鈞寶:6155.TW', 1, 88.2, 91.5, 87.4, 89.6, '28', 8.6286, (1, 0)),
('英業達:2356.TW', 1, 66.2, 67.5, 65.3, 67.5, '25', 5.3929, (1, 0)),
('康舒:6282.TW', 1, 57.7, 57.9, 56.2, 57.4, '28', 5.0214, (0, 6)),
('至上:8112.TW', 1, 95.4, 98, 94.3, 96.8, '29', 5.5643, (1, 0)),
('兆赫:2485.TW', 1, 60, 63.3, 59.3, 63, '27', 4.2357, (1, 0)),
('揚明光:3504.TW', 1, 89.5, 97.8, 85.5, 86.5, '26', 5.9929, (0, 1)),
('嘉晶:3016.TW', 1, 117.5, 127, 117, 122.5, '24', 10.5714, (1, 0)),
('台汽電:8926.TW', 1, 76.9, 79.8, 75.6, 79.4, '23', 4.3143, (2, 0)),
('中興電:1513.TW', 1, 171, 172.5, 168, 172, '05', 8.3571, (1, 0)),
('大聯大:3702.TW', 1, 107, 107.5, 104.5, 107, '29', 5.0, (0, 0)),
('敬鵬:2355.TW', 1, 57, 58.5, 56.1, 58, '28', 4.0214, (1, 0)),
('富采:3714.TW', 1, 63.8, 66.9, 63.4, 65.9, '26', 4.0643, (1, 0)),
('微星:2377.TW', 1, 135.5, 137, 133.5, 137, '25', 8.2857, (1, 0)),
('威盛:2388.TW', 1, 68.3, 75.2, 67.7, 75.2, '24', 4.1929, (1, 0)),
('GIS-KY:6456.TW', 1, 70.8, 77.4, 69.7, 77.3, '26', 6.2857, (1, 0)),
('合晶:6182.TWO', 1, 107, 117.5, 103.5, 114, '24', 8.6929, (3, 0)),
('台半:5425.TWO', 1, 97, 108, 97, 108, '24', 8.8214, (1, 0)),
('雷科:6207.TWO', 1, 147, 164, 142, 164, '28', 14.0714, (3, 0)),
('光頡:3624.TWO', 1, 141, 146.5, 133, 146, '28', 12.8857, (4, 0)),
('東捷:8064.TWO', 1, 139, 154, 136, 154, '26', 14.7857, (1, 0)),
('鈺創:5351.TWO', 1, 90.1, 92, 88.2, 92, '24', 6.4429, (1, 0)),
('千如:3236.TWO', 1, 65.8, 68.4, 65, 67.1, '28', 4.8036, (1, 0)),
('擎亞:8096.TWO', 1, 144.5, 152.5, 141.5, 150, '29', 11.0, (1, 0)),
('立敦:6175.TWO', 1, 96.6, 107.5, 96.6, 107.5, '28', 10.6214, (1, 0)),
('漢磊:3707.TWO', 1, 79.1, 83, 78.8, 80.5, '24', 5.8714, (1, 0)),
('世界:5347.TWO', 1, 169.5, 169.5, 164.5, 166.5, '24', 10.2857, (0, 2)),
('保勝光學:6517.TWO', 1, 76, 83, 75, 78.6, '26', 5.2929, (3, 0)),
('富喬:1815.TWO', 1, 94.9, 96.1, 94.2, 95, '28', 5.8714, (1, 0)),
('聯一光:3441.TWO', 1, 83.8, 89.1, 83.8, 89.1, '26', 5.9964, (3, 0)),
('佳邦:6284.TWO', 1, 100, 110, 99.1, 107.5, '28', 10.3286, (1, 0)),
('台嘉碩:3221.TWO', 1, 59, 61, 58.1, 59.3, '27', 5.2929, (1, 0)),
('亞電:4939.TWO', 1, 64.2, 65.7, 63.3, 64.8, '28', 6.5786, (1, 0)),
('長科*:6548.TWO', 1, 92.5, 97.5, 89.1, 89.1, '24', 7.7857, (0, 2)),
('光洋科:1785.TWO', 1, 142.5, 145, 140.5, 143.5, '31', 9.3571, (1, 0)),
('九豪:6127.TWO', 1, 77.7, 80.6, 77, 80.6, '28', 7.2571, (1, 0)),
('方土昶:6265.TWO', 1, 55.4, 57.2, 54.7, 57.2, '29', 4.4786, (1, 0)),
('今展科:6432.TWO', 1, 74, 79, 73.3, 79, '28', 6.1286, (1, 0)),
('光環:3234.TWO', 1, 116.5, 134.5, 116.5, 132, '27', 11.1, (3, 0)),
('宏捷科:8086.TWO', 1, 157.5, 162.5, 157, 162.5, '24', 9.1071, (2, 0)),
('凱崴:5498.TWO', 1, 65.2, 68.3, 64.6, 66.4, '28', 4.3143, (1, 0)),
('堡達:3537.TWO', 1, 75.3, 81.9, 75.3, 81.5, '28', 7.6571, (1, 0)),
('系統電:5309.TWO', 1, 66.3, 68.3, 66.3, 67.8, '28', 5.0643, (1, 0)),
('鑫科:3663.TWO', 1, 70.5, 78.1, 69.4, 78.1, '31', 5.8286, (1, 0)),
('美琪瑪:4721.TWO', 1, 101, 103.5, 97.7, 98.1, '21', 6.1571, (0, 2)),