('群創:3481.TW', 1, 69.3, 70.9, 64, 65, '26', 5.2679, (0, 1)),
('聯電:2303.TW', 1, 175, 176, 162, 164, '24', 12.1071, (0, 2)),
('力積電:6770.TW', 1, 83.2, 85.2, 78.1, 78.3, '24', 5.9929, (0, 2)),
('旺宏:2337.TW', 1, 162, 174.5, 162, 162.5, '24', 11.75, (1, 0)),
('台玻:1802.TW', 1, 69.2, 71.9, 65.4, 66, '08', 4.8286, (0, 2)),
('矽統:2363.TW', 1, 74, 74.2, 68.5, 68.6, '24', 4.7143, (0, 1)),
('南茂:8150.TW', 1, 96.4, 105, 95.7, 97.5, '24', 9.3571, (1, 0)),
('希華:2484.TW', 1, 69.2, 76.8, 69.1, 76.8, '28', 6.275, (1, 0)),
('緯創:3231.TW', 1, 159, 159, 153, 153, '25', 6.6786, (0, 1)),
('國泰金:2882.TW', 1, 110.5, 111.5, 105, 106, '17', 5.4429, (0, 1)),
('富邦金:2881.TW', 1, 136, 138, 133, 134, '17', 5.8929, (0, 1)),
('南亞:1303.TW', 1, 154, 155, 146, 148, '03', 10.3929, (0, 2)),
('正達:3149.TW', 1, 100, 109, 97.5, 97.8, '26', 7.5643, (0, 2)),
('長榮:2603.TW', 1, 184.5, 185, 180.5, 181, '15', 6.8571, (0, 9)),
('精成科:6191.TW', 1, 98.6, 106.5, 98.1, 100.5, '28', 5.1214, (3, 0)),
('百容:2483.TW', 1, 50.7, 55.7, 48.8, 55.7, '28', 4.1857, (3, 0)),
('和碩:4938.TW', 1, 86, 86, 80.7, 81, '25', 5.0357, (0, 1)),
('鼎元:2426.TW', 1, 84.7, 87.6, 77.4, 77.6, '26', 8.0214, (0, 2)),
('至上:8112.TW', 1, 95, 96.5, 91.2, 91.2, '29', 5.4143, (0, 2)),
('新唐:4919.TW', 1, 176.5, 184, 167.5, 168.5, '24', 18.2143, (0, 4)),
('富采:3714.TW', 1, 66.8, 67.4, 61.5, 61.6, '26', 4.5929, (0, 2)),
('超豐:2441.TW', 1, 140.5, 146.5, 134.5, 134.5, '24', 7.75, (0, 2)),
('微星:2377.TW', 1, 133, 135.5, 131.5, 131.5, '25', 6.1429, (0, 2)),
('TPK-KY:3673.TW', 1, 81.1, 82, 76.3, 76.5, '26', 5.9643, (0, 2)),
('瀚宇博:5469.TW', 1, 86, 91.8, 84.9, 87.4, '28', 4.4357, (3, 0)),
('強茂:2481.TW', 1, 189, 198, 174, 175, '24', 13.7143, (0, 2)),
('中興電:1513.TW', 1, 183.5, 183.5, 175.5, 175.5, '05', 6.2143, (0, 2)),
('今國光:6209.TW', 1, 88.7, 88.8, 80.6, 81.3, '26', 7.6357, (0, 5)),
('台郡:6269.TW', 1, 74.9, 78.7, 71.6, 71.6, '28', 6.9214, (0, 4)),
('義隆:2458.TW', 1, 176.5, 179.5, 170.5, 172, '24', 10.3571, (0, 1)),
('台汽電:8926.TW', 1, 78.1, 78.2, 75.5, 76.2, '23', 4.2357, (0, 3)),
('合晶:6182.TWO', 1, 126, 134.5, 119, 119.5, '24', 10.3357, (0, 1)),
('千如:3236.TWO', 1, 68.2, 72.8, 66.7, 67.5, '28', 5.6321, (0, 1)),
('華容:5328.TWO', 1, 64.5, 70.2, 64.2, 70.2, '28', 4.9107, (3, 0)),
('富喬:1815.TWO', 1, 106, 106, 96.3, 96.7, '28', 6.9429, (0, 2)),
('漢磊:3707.TWO', 1, 85.1, 88.8, 81.6, 81.6, '24', 6.6214, (0, 3)),
('智通*:8932.TWO', 1, 120, 122.5, 109.5, 111, '36', 6.55, (0, 1)),
('鈺創:5351.TWO', 1, 93.5, 94.1, 87.1, 87.3, '24', 6.2929, (0, 2)),
('台嘉碩:3221.TWO', 1, 55.4, 60.6, 55.4, 57.9, '27', 4.7286, (1, 0)),
('光洋科:1785.TWO', 1, 143, 146, 137, 137, '31', 9.0714, (0, 5)),
('長科*:6548.TWO', 1, 84.9, 89.7, 84, 85.1, '24', 7.6786, (1, 0)),
('台半:5425.TWO', 1, 122.5, 125, 114.5, 114.5, '24', 9.6714, (0, 2)),
('中美晶:5483.TWO', 1, 171.5, 173.5, 163, 164, '24', 11.9286, (0, 1)),
('立敦:6175.TWO', 1, 115, 121, 111, 111, '28', 10.2143, (0, 1)),
('尼克森:3317.TWO', 1, 91.8, 97, 90, 90, '24', 6.1357, (0, 2)),
('九豪:6127.TWO', 1, 91, 100, 91, 91.4, '28', 6.7143, (3, 0)),
('亞電:4939.TWO', 1, 59.8, 63.9, 59.8, 60.7, '28', 5.5429, (1, 0)),
('雷科:6207.TWO', 1, 152.5, 157, 144, 145, '28', 13.6786, (0, 2)),
('安國:8054.TWO', 1, 127, 131.5, 123.5, 124, '24', 7.3714, (0, 2)),
('九暘:8040.TWO', 1, 115.5, 122.5, 106, 107, '24', 8.4143, (0, 2)),
('泰藝:8289.TWO', 1, 58.1, 62.1, 57.9, 58.5, '28', 5.4071, (1, 0)),
('安勤:3479.TWO', 1, 142.5, 150.5, 142.5, 142.5, '25', 6.75, (0, 0)),
('霖宏:5464.TWO', 1, 107.5, 109, 98, 100, '28', 7.2071, (0, 1)),
('東捷:8064.TWO', 1, 146, 147.5, 133, 134, '26', 13.0714, (0, 2)),
('今展科:6432.TWO', 1, 80.3, 83.1, 74.7, 75, '28', 7.05, (0, 1)),
('凱崴:5498.TWO', 1, 61.6, 63.2, 57.7, 58, '28', 4.3786, (0, 2)),
('宏捷科:8086.TWO', 1, 151, 152, 141, 141, '24', 9.25, (0, 5)),
('萬泰科:6190.TWO', 1, 83, 84.1, 81.2, 81.6, '27', 4.1357, (0, 1)),