('群創:3481.TW', 1, 70.5, 72, 67.6, 70.9, '26', 5.1679, (3, 0)),
('力積電:6770.TW', 1, 89.3, 89.3, 82.8, 83.2, '24', 6.0571, (0, 1)),
('聯電:2303.TW', 1, 183.5, 185.5, 173, 178.5, '24', 11.5, (0, 1)),
('旺宏:2337.TW', 1, 179.5, 179.5, 161, 161.5, '24', 11.9286, (0, 1)),
('矽統:2363.TW', 1, 72, 76.1, 70.9, 76.1, '24', 4.3643, (2, 0)),
('台玻:1802.TW', 1, 71, 73.2, 69.5, 69.6, '08', 4.6429, (0, 1)),
('南茂:8150.TW', 1, 107, 110.5, 96, 96, '24', 9.1571, (0, 1)),
('南亞:1303.TW', 1, 160, 161, 155, 155, '03', 10.5, (0, 1)),
('緯創:3231.TW', 1, 159.5, 162, 156.5, 160, '25', 6.9286, (2, 0)),
('康舒:6282.TW', 1, 62.8, 62.9, 58.7, 58.7, '28', 4.4214, (0, 1)),
('和碩:4938.TW', 1, 84, 89.4, 83, 86, '25', 5.0929, (2, 0)),
('國泰金:2882.TW', 1, 110, 113, 109, 111.5, '17', 5.4286, (1, 0)),
('希華:2484.TW', 1, 70, 70.9, 66.5, 69.9, '28', 6.1536, (0, 1)),
('鼎元:2426.TW', 1, 93.9, 93.9, 85, 85.1, '26', 7.7929, (0, 1)),
('富邦金:2881.TW', 1, 133.5, 138, 133.5, 136, '17', 6.0357, (1, 0)),
('正達:3149.TW', 1, 106, 106, 97.5, 100, '26', 7.2714, (0, 1)),
('今國光:6209.TW', 1, 89.7, 94.8, 88.1, 89.4, '26', 7.4929, (0, 4)),
('新唐:4919.TW', 1, 188.5, 189.5, 176.5, 177.5, '24', 18.3571, (0, 3)),
('天二科技:6834.TW', 1, 126.5, 131, 121.5, 125.5, '28', 9.1, (0, 1)),
('富采:3714.TW', 1, 72.3, 72.5, 67.5, 67.5, '26', 4.5429, (0, 1)),
('義隆:2458.TW', 1, 172.5, 180, 171.5, 180, '24', 10.1071, (2, 0)),
('界霖:5285.TW', 1, 115, 115.5, 101, 101.5, '24', 7.5571, (0, 1)),
('台汽電:8926.TW', 1, 82.2, 82.2, 77.9, 78.1, '23', 4.3357, (0, 2)),
('超豐:2441.TW', 1, 144.5, 146.5, 139.5, 141.5, '24', 7.4643, (0, 1)),
('鈞寶:6155.TW', 1, 89.2, 94.2, 87.8, 90.5, '28', 8.7, (1, 0)),
('至上:8112.TW', 1, 97.2, 97.8, 94.5, 95.1, '29', 5.4857, (0, 1)),
('台郡:6269.TW', 1, 80.3, 82.9, 75.3, 75.9, '28', 6.7429, (0, 3)),
('TPK-KY:3673.TW', 1, 84.3, 84.7, 80.8, 81.9, '26', 5.9643, (0, 1)),
('嘉晶:3016.TW', 1, 141.5, 141.5, 129.5, 133.5, '24', 11.0714, (0, 2)),
('東陽:1319.TW', 1, 80, 80.3, 78.1, 79.6, '12', 5.5714, (0, 5)),
('大聯大:3702.TW', 1, 107, 109.5, 106, 107, '29', 4.9286, (0, 0)),
('合晶:6182.TWO', 1, 116, 127.5, 114, 125, '24', 9.7714, (3, 0)),
('台半:5425.TWO', 1, 133, 133, 124.5, 127, '24', 9.25, (0, 1)),
('華容:5328.TWO', 1, 59.9, 63.9, 59.7, 63.9, '28', 4.8893, (2, 0)),
('富喬:1815.TWO', 1, 108, 109, 103, 107, '28', 6.5643, (0, 1)),
('漢磊:3707.TWO', 1, 91, 91, 85.2, 85.8, '24', 6.4143, (0, 2)),
('鈺創:5351.TWO', 1, 95.8, 97.9, 91.9, 93.5, '24', 6.5214, (0, 1)),
('長科*:6548.TWO', 1, 93.7, 95.4, 86.1, 86.6, '24', 7.8857, (0, 3)),
('千如:3236.TWO', 1, 64.3, 70.1, 63.5, 70.1, '28', 5.6393, (2, 0)),
('立敦:6175.TWO', 1, 116, 123, 113, 116.5, '28', 10.4214, (2, 0)),
('中美晶:5483.TWO', 1, 172.5, 180, 170, 174.5, '24', 11.8929, (1, 0)),
('安國:8054.TWO', 1, 138, 138.5, 124.5, 130, '24', 7.0214, (0, 1)),
('光洋科:1785.TWO', 1, 145, 146, 139.5, 142.5, '31', 8.9643, (0, 4)),
('九豪:6127.TWO', 1, 86.5, 93.6, 85.5, 93.6, '28', 6.7857, (2, 0)),
('智通*:8932.TWO', 1, 104, 114.5, 102.5, 114.5, '36', 5.9214, (2, 0)),
('九暘:8040.TWO', 1, 126, 126.5, 116, 116.5, '24', 7.7357, (0, 1)),
('雷科:6207.TWO', 1, 163.5, 163.5, 152.5, 154.5, '28', 14.3571, (0, 1)),
('安勤:3479.TWO', 1, 136.5, 146.5, 136, 144, '25', 6.5357, (2, 0)),
('神盾:6462.TWO', 1, 134, 135, 123.5, 124.5, '24', 6.6786, (0, 1)),
('好德:3114.TWO', 1, 52.8, 57.7, 52.8, 57.7, '28', 4.25, (2, 0)),
('東捷:8064.TWO', 1, 156, 156, 144.5, 144.5, '26', 13.2143, (0, 1)),
('今展科:6432.TWO', 1, 75.1, 82.3, 73.8, 82.3, '28', 7.0286, (2, 0)),
('尼克森:3317.TWO', 1, 93.6, 93.6, 90.8, 92.8, '24', 5.8857, (0, 1)),
('光環:3234.TWO', 1, 144.5, 145, 135, 135.5, '27', 12.5357, (0, 1)),
('港建*:3093.TWO', 1, 72.4, 74.6, 70, 71.4, '31', 5.1857, (0, 1)),
('日揚:6208.TWO', 1, 104.5, 105.5, 102.5, 105, '24', 6.7714, (2, 0)),
('萬泰科:6190.TWO', 1, 83.4, 84, 82.5, 83.4, '27', 4.1714, (0, 0)),