('力積電:6770.TW', 1, 75, 77.6, 71, 71, '24', 6.1214, (0, 1)),
('聯電:2303.TW', 1, 144, 144.5, 138.5, 141, '24', 11.5357, (0, 1)),
('南亞:1303.TW', 1, 120.5, 123, 114, 115, '03', 8.45, (0, 1)),
('台玻:1802.TW', 1, 68.8, 72, 67.3, 68.2, '08', 4.5786, (0, 1)),
('希華:2484.TW', 1, 74, 76.1, 69.4, 70.4, '28', 5.875, (0, 1)),
('國泰金:2882.TW', 1, 104.5, 109.5, 104, 109.5, '17', 4.65, (1, 0)),
('今國光:6209.TW', 1, 87.2, 95.3, 86.4, 95.3, '26', 6.8071, (3, 0)),
('南茂:8150.TW', 1, 96.6, 101.5, 94.4, 94.6, '24', 9.5071, (0, 3)),
('旺宏:2337.TW', 1, 164, 166.5, 160.5, 166.5, '24', 10.5714, (2, 0)),
('富邦金:2881.TW', 1, 128.5, 132.5, 127.5, 132, '17', 5.6429, (2, 0)),
('凱美:2375.TW', 1, 197, 202.5, 178, 181.5, '28', 16.5357, (0, 1)),
('鈞寶:6155.TW', 1, 92.5, 95, 87.5, 87.6, '28', 8.7643, (0, 1)),
('燿華:2367.TW', 1, 63.6, 64.9, 60.7, 60.7, '28', 4.1429, (0, 5)),
('鼎元:2426.TW', 1, 79.6, 80.5, 68.4, 68.9, '26', 7.4286, (0, 1)),
('緯創:3231.TW', 1, 162, 162, 158, 158, '25', 10.7857, (0, 6)),
('亞光:3019.TW', 1, 159.5, 167.5, 156.5, 164, '26', 9.4643, (2, 0)),
('英業達:2356.TW', 1, 68.2, 68.6, 66.2, 66.6, '25', 5.6643, (0, 3)),
('嘉晶:3016.TW', 1, 125.5, 134.5, 119, 119.5, '24', 10.8214, (0, 1)),
('華東:8110.TW', 1, 58.1, 61.5, 57.2, 58.4, '24', 4.4929, (2, 0)),
('和碩:4938.TW', 1, 84.5, 84.8, 82.3, 83, '25', 5.7929, (0, 4)),
('敬鵬:2355.TW', 1, 60.9, 62.8, 57.1, 57.1, '28', 4.2643, (0, 3)),
('至上:8112.TW', 1, 98, 99.3, 95.8, 95.8, '29', 5.6, (0, 2)),
('強茂:2481.TW', 1, 144, 148.5, 140, 140, '24', 12.9643, (0, 2)),
('康舒:6282.TW', 1, 59.2, 59.9, 57.7, 57.7, '28', 5.2286, (0, 5)),
('精成科:6191.TW', 1, 104.5, 105.5, 100, 100.5, '28', 5.2429, (0, 1)),
('微星:2377.TW', 1, 142.5, 142.5, 135.5, 136.5, '25', 8.5357, (0, 3)),
('福懋科:8131.TW', 1, 77.7, 78.8, 76, 76, '24', 5.2357, (0, 1)),
('豐泰:9910.TW', 1, 79.5, 79.5, 71.2, 78, '37', 6.4429, (0, 3)),
('神達:3706.TW', 1, 86.3, 86.7, 84.2, 84.3, '25', 5.55, (0, 3)),
('東元:1504.TW', 1, 74, 74, 71.8, 71.8, '05', 4.8214, (0, 1)),
('台汽電:8926.TW', 1, 72.5, 78.6, 72.5, 76.8, '23', 4.4, (1, 0)),
('中租-KY:5871.TW', 1, 118.5, 118.5, 114, 116.5, '20', 4.5357, (0, 3)),
('TPK-KY:3673.TW', 1, 80.5, 81.5, 78.5, 78.8, '26', 6.95, (0, 5)),
('群光:2385.TW', 1, 121.5, 121.5, 114, 116.5, '28', 6.5357, (0, 3)),
('兆赫:2485.TW', 1, 64.2, 65, 60.2, 60.5, '27', 4.4714, (0, 3)),
('台郡:6269.TW', 1, 74.2, 79.5, 72.4, 73.3, '28', 5.8714, (0, 1)),
('天二科技:6834.TW', 1, 89, 92.5, 83.3, 84, '28', 7.8, (0, 1)),
('富鼎:8261.TW', 1, 183, 187, 173.5, 178, '24', 13.9643, (0, 1)),
('益登:3048.TW', 1, 74.2, 75, 71.1, 71.1, '29', 5.5786, (0, 1)),
('大聯大:3702.TW', 1, 109, 109.5, 106.5, 109, '29', 5.0357, (0, 0)),
('富采:3714.TW', 1, 67.6, 67.8, 64.3, 64.3, '26', 4.2357, (0, 3)),
('揚明光:3504.TW', 1, 83.5, 89.8, 83.5, 89.4, '26', 5.4071, (2, 0)),
('中美晶:5483.TWO', 1, 174, 188, 172, 175, '24', 12.0, (4, 0)),
('光頡:3624.TWO', 1, 133.5, 142, 131.5, 142, '28', 12.5643, (3, 0)),
('鈺創:5351.TWO', 1, 92, 95.3, 90.6, 90.6, '24', 6.5357, (0, 2)),
('千如:3236.TWO', 1, 72, 73, 65, 65.8, '28', 4.9179, (0, 1)),
('富喬:1815.TWO', 1, 96.1, 101.5, 94.7, 94.8, '28', 6.2714, (0, 2)),
('漢磊:3707.TWO', 1, 82.6, 86.8, 79.5, 79.7, '24', 6.3357, (0, 1)),
('世界:5347.TWO', 1, 177, 177, 169, 171.5, '24', 10.5357, (0, 1)),
('亞電:4939.TWO', 1, 70.5, 70.6, 63.5, 64.6, '28', 6.6821, (0, 1)),
('合晶:6182.TWO', 1, 104, 107, 103, 107, '24', 8.3857, (2, 0)),
('台半:5425.TWO', 1, 102, 102.5, 97.5, 98.3, '24', 8.8929, (0, 2)),
('擎亞:8096.TWO', 1, 147, 150, 142, 142.5, '29', 10.8571, (0, 1)),
('立敦:6175.TWO', 1, 109, 110.5, 97.7, 98.1, '28', 10.6214, (0, 1)),
('聯一光:3441.TWO', 1, 73.4, 81, 73.2, 81, '26', 5.725, (2, 0)),
('台嘉碩:3221.TWO', 1, 64.4, 64.4, 59.6, 59.8, '27', 5.4857, (0, 1)),
('光洋科:1785.TWO', 1, 146, 148.5, 141, 142.5, '31', 10.0357, (0, 1)),
('美琪瑪:4721.TWO', 1, 106, 111, 98, 98.5, '21', 6.0786, (0, 1)),
('方土昶:6265.TWO', 1, 59.1, 60.2, 55.7, 55.9, '29', 4.6571, (0, 3)),
('東捷:8064.TWO', 1, 143, 148.5, 138, 140, '26', 14.6429, (0, 1)),
('雷科:6207.TWO', 1, 141.5, 149.5, 141, 149.5, '28', 13.0357, (2, 0)),
('佳邦:6284.TWO', 1, 109, 109.5, 99.9, 100.5, '28', 10.3357, (0, 1)),
('宏捷科:8086.TWO', 1, 158.5, 164, 157, 160, '24', 9.75, (1, 0)),
('保勝光學:6517.TWO', 1, 70.2, 76.6, 69.3, 76.6, '26', 4.9071, (2, 0)),
('凱崴:5498.TWO', 1, 68.4, 69, 66.2, 66.2, '28', 4.3071, (0, 2)),
('今展科:6432.TWO', 1, 72.8, 76.7, 70.2, 71.9, '28', 6.0857, (0, 1)),
('系統電:5309.TWO', 1, 69.7, 70.2, 66.8, 66.9, '28', 5.2143, (0, 2)),
('鉅橡:8074.TWO', 1, 74.7, 78, 74, 77, '28', 4.9929, (1, 0)),
('堡達:3537.TWO', 1, 81, 82.7, 75.6, 75.8, '28', 7.6643, (0, 1)),
('九豪:6127.TWO', 1, 80, 80, 76, 76.5, '28', 7.3643, (0, 1)),
('萬泰科:6190.TWO', 1, 80.4, 80.6, 76.1, 76.2, '27', 5.5929, (0, 5)),
('廣閎科:6693.TWO', 1, 189.5, 197, 175, 178, '24', 13.6429, (0, 1)),