('聯電:2303.TW', 1, 121, 125, 119, 121, '24', 11.1429, (0, 0)),
('華邦電:2344.TW', 1, 146, 157, 146, 154, '24', 13.6071, (1, 0)),
('富邦金:2881.TW', 1, 112, 117.5, 112, 116, '17', 4.2286, (3, 0)),
('力積電:6770.TW', 1, 67.2, 68.3, 67.2, 67.5, '24', 6.05, (1, 0)),
('緯創:3231.TW', 1, 156, 163.5, 156, 163.5, '25', 10.2143, (1, 0)),
('鈞寶:6155.TW', 1, 72.3, 86.7, 72.3, 77.3, '28', 7.2, (3, 0)),
('南亞:1303.TW', 1, 96.1, 98.9, 95.2, 97.5, '03', 7.1857, (1, 0)),
('台玻:1802.TW', 1, 60.9, 62.7, 60.9, 62, '08', 5.0643, (1, 0)),
('康舒:6282.TW', 1, 57.5, 59.4, 57.5, 58.8, '28', 5.0643, (1, 0)),
('和碩:4938.TW', 1, 89, 94.5, 87.6, 92.1, '25', 4.15, (1, 0)),
('東元:1504.TW', 1, 70.6, 72.8, 70.6, 71.6, '05', 4.6357, (1, 0)),
('旺宏:2337.TW', 1, 135, 143.5, 135, 143.5, '24', 12.4643, (2, 0)),
('微星:2377.TW', 1, 128, 132.5, 128, 132, '25', 8.3929, (2, 0)),
('大聯大:3702.TW', 1, 108, 109.5, 105.5, 108, '29', 6.3571, (0, 0)),
('長興:1717.TW', 1, 69.8, 71.6, 69.7, 71.3, '21', 4.6929, (2, 0)),
('神達:3706.TW', 1, 83.5, 88, 83.5, 87.3, '25', 5.2143, (1, 0)),
('TPK-KY:3673.TW', 1, 77.4, 84.6, 77.4, 82.8, '26', 7.6643, (1, 0)),
('至上:8112.TW', 1, 83.7, 86.1, 83.6, 84.7, '29', 4.0857, (1, 0)),
('富采:3714.TW', 1, 63.2, 65.2, 63.2, 64.8, '26', 4.9286, (2, 0)),
('中興電:1513.TW', 1, 155, 169.5, 155, 169.5, '05', 9.4643, (1, 0)),
('強茂:2481.TW', 1, 148.5, 151.5, 148.5, 148.5, '24', 13.6429, (0, 0)),
('英業達:2356.TW', 1, 69.2, 69.2, 69.2, 69.2, '25', 6.1, (0, 0)),
('瑞儀:6176.TW', 1, 92.1, 94.8, 91.5, 94.1, '26', 4.3214, (1, 0)),
('今國光:6209.TW', 1, 79.2, 81.2, 79.2, 80, '26', 5.8286, (4, 0)),
('益登:3048.TW', 1, 59.7, 67.4, 59.7, 66.6, '29', 6.0571, (1, 0)),
('GIS-KY:6456.TW', 1, 74.3, 79.6, 74.3, 78.9, '26', 7.5929, (1, 0)),
('康普:4739.TW', 1, 108, 123, 108, 118.5, '21', 8.2429, (4, 0)),
('兆赫:2485.TW', 1, 60.8, 64, 60.8, 63.2, '27', 4.2143, (2, 0)),
('蜜望實:8043.TWO', 1, 144, 175, 144, 175, '28', 14.7143, (2, 0)),
('九豪:6127.TWO', 1, 68.1, 81.9, 68.1, 76.2, '28', 6.6679, (3, 0)),
('亞電:4939.TWO', 1, 55, 65.6, 55, 65.6, '28', 4.8786, (3, 0)),
('世界:5347.TWO', 1, 145.5, 156.5, 145.5, 156.5, '24', 10.0714, (2, 0)),
('立敦:6175.TWO', 1, 87, 103.5, 87, 100.5, '28', 9.0429, (2, 0)),
('富喬:1815.TWO', 1, 91.8, 97.3, 91.8, 96.9, '28', 5.9286, (1, 0)),
('鈺創:5351.TWO', 1, 77.6, 83.9, 77.6, 83.7, '24', 6.1643, (1, 0)),
('光頡:3624.TWO', 1, 97.2, 109.5, 97.2, 102.5, '28', 10.2, (2, 0)),
('台嘉碩:3221.TWO', 1, 51.4, 59.7, 51.4, 58.1, '27', 5.1464, (2, 0)),
('中美晶:5483.TWO', 1, 140, 142, 137.5, 141, '24', 10.5714, (1, 0)),
('合晶:6182.TWO', 1, 77, 80, 77, 80, '24', 7.55, (1, 0)),
('光洋科:1785.TWO', 1, 123, 132, 123, 130.5, '31', 9.7143, (1, 0)),
('擎亞:8096.TWO', 1, 116, 121.5, 116, 119.5, '29', 9.5357, (1, 0)),
('系統電:5309.TWO', 1, 66.9, 74, 66.9, 74, '28', 5.2857, (1, 0)),
('港建*:3093.TWO', 1, 57.7, 70.4, 57.7, 66, '31', 4.5214, (4, 0)),
('堡達:3537.TWO', 1, 75.3, 80.9, 75.3, 76.7, '28', 7.1857, (2, 0)),
('雅特力-KY:6907.TWO', 1, 152.5, 176, 152.5, 152.5, '24', 11.0, (0, 0)),
('東捷:8064.TWO', 1, 149.5, 156.5, 149.5, 152, '26', 15.1071, (2, 0)),
('漢磊:3707.TWO', 1, 68.9, 71.5, 68.9, 70.6, '24', 6.6714, (1, 0)),
('長科*:6548.TWO', 1, 80.8, 84, 80.8, 82.5, '24', 6.1786, (1, 0)),
('茂訊:3213.TWO', 1, 132, 140, 131, 134.5, '25', 4.8214, (2, 0)),
('今展科:6432.TWO', 1, 61.4, 69.6, 60.6, 65.2, '28', 5.1643, (2, 0)),
('先進光:3362.TWO', 1, 133.5, 145, 133.5, 141.5, '26', 8.3929, (1, 0)),
('宏捷科:8086.TWO', 1, 140.5, 145, 140.5, 144, '24', 10.5714, (1, 0)),
('智通*:8932.TWO', 1, 93.4, 105.5, 93.4, 100.5, '36', 5.6929, (1, 0)),
('萬泰科:6190.TWO', 1, 73.2, 77.9, 73.2, 76.8, '27', 4.9143, (1, 0)),
('佳邦:6284.TWO', 1, 99.9, 99.9, 99.9, 99.9, '28', 10.2, (0, 0)),
('光環:3234.TWO', 1, 112.5, 125, 112.5, 124, '27', 9.5929, (1, 0)),
('台半:5425.TWO', 1, 90.9, 90.9, 90.9, 90.9, '24', 9.2714, (0, 0)),
('泰藝:8289.TWO', 1, 60.7, 69.7, 60.7, 66, '28', 5.8429, (2, 0)),
('鈺鎧:5228.TWO', 1, 62.7, 74, 62.5, 72.6, '28', 5.4571, (2, 0)),