('聯電:2303.TW', 1, 127, 133, 125, 131.5, '24', 10.9286, (1, 0)),
('華邦電:2344.TW', 1, 169, 172.5, 162, 162, '24', 13.3929, (0, 1)),
('康舒:6282.TW', 1, 68.7, 68.8, 63.8, 63.8, '28', 4.7714, (0, 1)),
('英業達:2356.TW', 1, 76.5, 79.2, 73.2, 76.8, '25', 5.7071, (1, 0)),
('力積電:6770.TW', 1, 77, 77, 73, 74.6, '24', 5.8214, (0, 5)),
('東元:1504.TW', 1, 85.6, 86.1, 78.3, 78.4, '05', 4.1714, (0, 1)),
('緯創:3231.TW', 1, 172.5, 174, 165.5, 171, '25', 9.3929, (0, 2)),
('強茂:2481.TW', 1, 159.5, 172, 158.5, 165, '24', 13.4643, (3, 0)),
('富邦金:2881.TW', 1, 114, 119, 112, 118, '17', 4.0071, (2, 0)),
('台玻:1802.TW', 1, 68.5, 68.5, 65, 67.6, '08', 4.9, (0, 2)),
('南亞:1303.TW', 1, 109, 109, 100.5, 104.5, '03', 6.8786, (0, 1)),
('旺宏:2337.TW', 1, 148, 150, 141, 150, '24', 12.5357, (1, 0)),
('中興電:1513.TW', 1, 187, 187.5, 169, 170.5, '05', 8.6071, (0, 2)),
('今國光:6209.TW', 1, 85, 89, 82.2, 87.9, '26', 5.7071, (3, 0)),
('正達:3149.TW', 1, 90, 92.4, 85, 90.8, '26', 5.5714, (3, 0)),
('南茂:8150.TW', 1, 96.7, 99.3, 92.8, 96.8, '24', 7.7714, (2, 0)),
('神達:3706.TW', 1, 92.5, 94.8, 89.1, 92.4, '25', 4.6786, (0, 2)),
('微星:2377.TW', 1, 138.5, 142.5, 135.5, 141.5, '25', 7.7143, (1, 0)),
('中釉:1809.TW', 1, 57.9, 61.2, 56.5, 59.6, '08', 4.1429, (2, 0)),
('兆赫:2485.TW', 1, 65, 69.6, 65, 67.5, '27', 4.1857, (1, 0)),
('亞光:3019.TW', 1, 153.5, 159.5, 151, 152.5, '26', 6.7857, (0, 1)),
('TPK-KY:3673.TW', 1, 86.1, 88.4, 82.7, 86, '26', 7.6143, (0, 2)),
('長興:1717.TW', 1, 75.3, 78.2, 72.1, 77.4, '21', 4.3429, (1, 0)),
('世紀鋼:9958.TW', 1, 122, 124.5, 114.5, 121, '10', 5.2143, (0, 1)),
('揚博:2493.TW', 1, 177, 190.5, 171, 178, '28', 12.0714, (3, 0)),
('富采:3714.TW', 1, 68.6, 70.8, 65.5, 70.2, '26', 4.6643, (1, 0)),
('大聯大:3702.TW', 1, 116.5, 116.5, 113, 114.5, '29', 6.0357, (0, 3)),
('鈞寶:6155.TW', 1, 70.7, 79.3, 69, 79.3, '28', 6.3929, (2, 0)),
('GIS-KY:6456.TW', 1, 84.2, 86.3, 79.3, 82.5, '26', 7.3, (0, 2)),
('所羅門:2359.TW', 1, 143, 153, 141.5, 142, '31', 9.1429, (0, 1)),
('盟立:2464.TW', 1, 170.5, 173.5, 161, 165, '31', 14.0, (0, 4)),
('華東:8110.TW', 1, 59.2, 59.2, 54, 56.5, '24', 4.0607, (0, 1)),
('亞力:1514.TW', 1, 145.5, 145.5, 135, 135, '05', 7.3214, (0, 1)),
('鼎元:2426.TW', 1, 72.1, 72.5, 65.5, 68.8, '26', 6.6429, (0, 2)),
('鈺創:5351.TWO', 1, 91.5, 96, 85.8, 86.2, '24', 6.1571, (0, 3)),
('雷科:6207.TWO', 1, 155, 164, 141.5, 144.5, '28', 10.8714, (0, 1)),
('九豪:6127.TWO', 1, 74, 81.9, 71.9, 75.6, '28', 5.9214, (2, 0)),
('安可:3615.TWO', 1, 57, 63.6, 56, 60.2, '26', 4.8786, (3, 0)),
('蜜望實:8043.TWO', 1, 143, 159.5, 138, 159.5, '28', 13.3571, (1, 0)),
('世界:5347.TWO', 1, 161, 163, 155.5, 161.5, '24', 9.8571, (1, 0)),
('東捷:8064.TWO', 1, 164, 173.5, 157, 166, '26', 14.8571, (1, 0)),
('台半:5425.TWO', 1, 100, 104, 97.4, 101, '24', 9.1, (1, 0)),
('光頡:3624.TWO', 1, 99.2, 113, 93.2, 108, '28', 10.2643, (1, 0)),
('系統電:5309.TWO', 1, 80.3, 80.4, 73.7, 74.3, '28', 4.9143, (0, 1)),
('亞電:4939.TWO', 1, 55.4, 59.7, 55, 59.7, '28', 4.25, (2, 0)),
('先進光:3362.TWO', 1, 152, 157.5, 145.5, 148, '26', 8.1786, (0, 1)),
('擎亞:8096.TWO', 1, 131.5, 137.5, 122.5, 128.5, '29', 9.3571, (0, 1)),
('立敦:6175.TWO', 1, 87.5, 96.6, 83.7, 96.6, '28', 8.1643, (1, 0)),
('富喬:1815.TWO', 1, 104, 104, 98.6, 102, '28', 5.5929, (0, 4)),
('方土昶:6265.TWO', 1, 62, 62, 57.6, 57.6, '29', 4.3036, (0, 1)),
('中美晶:5483.TWO', 1, 157.5, 158, 149.5, 152.5, '24', 9.8929, (0, 2)),
('光洋科:1785.TWO', 1, 137, 140, 132.5, 136.5, '31', 9.4286, (0, 5)),
('漢磊:3707.TWO', 1, 77.5, 79.4, 75.1, 76.5, '24', 6.5429, (0, 2)),
('合晶:6182.TWO', 1, 86, 87.5, 83.3, 85.5, '24', 7.1, (0, 2)),
('佳邦:6284.TWO', 1, 101.5, 111, 99.2, 111, '28', 9.6429, (1, 0)),
('聯一光:3441.TWO', 1, 55.7, 60.2, 55.2, 60.2, '26', 4.6214, (2, 0)),
('堡達:3537.TWO', 1, 74.9, 83.6, 71, 83.6, '28', 6.8071, (1, 0)),
('長科*:6548.TWO', 1, 96.9, 96.9, 89.5, 89.7, '24', 5.6679, (0, 1)),
('雅特力-KY:6907.TWO', 1, 152.5, 169, 150, 169, '24', 10.0, (3, 0)),
('台嘉碩:3221.TWO', 1, 54.1, 57.2, 52, 57.1, '27', 4.8964, (1, 0)),
('茂訊:3213.TWO', 1, 131, 139, 130, 139, '25', 4.3929, (1, 0)),
('湧德:3689.TWO', 1, 139, 142, 133.5, 141.5, '28', 6.0714, (1, 0)),
('點序:6485.TWO', 1, 121, 122.5, 112, 112, '24', 10.1429, (0, 1)),
('光環:3234.TWO', 1, 131, 133, 124, 125, '27', 9.0643, (0, 2)),
('萬泰科:6190.TWO', 1, 82, 82.9, 79.5, 81.3, '27', 4.5714, (0, 1)),