('群創:3481.TW', 1, 65.9, 70.1, 65, 66, '26', 4.8393, (1, 0)),
('聯電:2303.TW', 1, 173, 176, 167.5, 170, '24', 10.6071, (0, 1)),
('力積電:6770.TW', 1, 82.8, 86.1, 78.3, 78.6, '24', 5.5786, (0, 1)),
('南亞:1303.TW', 1, 157, 165, 153, 154.5, '03', 9.6429, (0, 1)),
('旺宏:2337.TW', 1, 188, 192, 168.5, 172, '24', 11.5357, (0, 1)),
('台玻:1802.TW', 1, 76.9, 77.3, 69.1, 69.9, '08', 4.5643, (0, 1)),
('南茂:8150.TW', 1, 108.5, 112, 103, 106.5, '24', 8.95, (0, 1)),
('康舒:6282.TW', 1, 64, 64.6, 60.7, 61.5, '28', 4.7929, (0, 1)),
('鼎元:2426.TW', 1, 98.7, 98.8, 93.5, 94.7, '26', 7.4357, (0, 1)),
('緯創:3231.TW', 1, 163, 163.5, 158, 158.5, '25', 8.4286, (0, 3)),
('英業達:2356.TW', 1, 68.4, 69.2, 65.8, 66.1, '25', 4.4286, (0, 3)),
('至上:8112.TW', 1, 101, 101.5, 94.7, 95.8, '29', 5.6714, (0, 1)),
('正達:3149.TW', 1, 103, 106.5, 94.1, 94.1, '26', 6.8071, (0, 1)),
('國泰金:2882.TW', 1, 113, 116.5, 113, 113.5, '17', 5.4143, (1, 0)),
('台郡:6269.TW', 1, 91.8, 91.8, 81.5, 83.8, '28', 6.8071, (0, 1)),
('盛群:6202.TW', 1, 80.9, 81, 68, 70.9, '24', 4.8429, (0, 1)),
('茂矽:2342.TW', 1, 58.5, 63.9, 56.6, 57, '24', 4.2429, (0, 1)),
('威盛:2388.TW', 1, 85.3, 89.8, 79.6, 79.6, '24', 5.2857, (0, 1)),
('富邦金:2881.TW', 1, 137, 141, 137, 137.5, '17', 5.8929, (1, 0)),
('TPK-KY:3673.TW', 1, 88.6, 90.9, 80.8, 82.2, '26', 6.1429, (0, 1)),
('富采:3714.TW', 1, 73.6, 73.6, 70, 70.1, '26', 4.35, (0, 1)),
('定穎投控:3715.TW', 1, 195, 196, 180, 180, '28', 10.5, (0, 1)),
('中興電:1513.TW', 1, 183.5, 184.5, 178.5, 182, '05', 8.5357, (0, 1)),
('和碩:4938.TW', 1, 82.6, 82.6, 80.1, 80.4, '25', 5.1071, (0, 3)),
('東陽:1319.TW', 1, 84.9, 85, 79.4, 79.4, '12', 5.9, (0, 3)),
('東元:1504.TW', 1, 72.8, 73.2, 71.5, 72.2, '05', 4.2857, (0, 1)),
('康霈*:6919.TW', 1, 119.5, 120, 108, 108, '22', 5.6786, (0, 1)),
('榮科:4989.TW', 1, 96.3, 98.6, 92.5, 94, '28', 5.9643, (0, 1)),
('今國光:6209.TW', 1, 97.5, 97.6, 89.4, 90.3, '26', 7.6, (0, 2)),
('微星:2377.TW', 1, 137, 137.5, 132.5, 133.5, '25', 6.7143, (0, 2)),
('希華:2484.TW', 1, 66, 67, 63, 63, '28', 6.1107, (0, 2)),
('盟立:2464.TW', 1, 174, 176.5, 168, 172, '31', 13.5714, (0, 2)),
('台汽電:8926.TW', 1, 80.3, 84.3, 80, 82.2, '23', 4.3643, (1, 0)),
('神達:3706.TW', 1, 87.9, 87.9, 85, 85.5, '25', 4.6643, (0, 2)),
('超豐:2441.TW', 1, 141, 141.5, 133, 136, '24', 7.0714, (0, 1)),
('亞力:1514.TW', 1, 128.5, 129.5, 125, 127, '05', 7.3929, (0, 1)),
('天二科技:6834.TW', 1, 112, 116.5, 108.5, 111.5, '28', 8.3143, (0, 1)),
('界霖:5285.TW', 1, 101, 110, 99.3, 100, '24', 6.5786, (0, 1)),
('台半:5425.TWO', 1, 135, 143, 129.5, 134, '24', 9.1071, (0, 1)),
('合晶:6182.TWO', 1, 114, 118, 109, 114.5, '24', 9.0786, (1, 0)),
('漢磊:3707.TWO', 1, 94, 100.5, 93.9, 100.5, '24', 6.0714, (4, 0)),
('富喬:1815.TWO', 1, 107, 110.5, 99.5, 100.5, '28', 6.2143, (0, 1)),
('鈺創:5351.TWO', 1, 99.9, 99.9, 90.9, 91, '24', 6.65, (0, 1)),
('長科*:6548.TWO', 1, 98, 104, 92.2, 92.7, '24', 8.5214, (0, 1)),
('光洋科:1785.TWO', 1, 156, 158, 149, 149.5, '31', 8.4286, (0, 2)),
('尼克森:3317.TWO', 1, 98.5, 103.5, 90.5, 92, '24', 5.7, (0, 1)),
('光頡:3624.TWO', 1, 172, 178, 159, 159, '28', 13.4714, (0, 1)),
('安可:3615.TWO', 1, 65.1, 66.9, 56.1, 56.1, '26', 5.6786, (0, 1)),
('立敦:6175.TWO', 1, 113, 116, 109, 110.5, '28', 10.0714, (0, 2)),
('雷科:6207.TWO', 1, 168, 168, 155, 155.5, '28', 14.6071, (0, 2)),
('安國:8054.TWO', 1, 119.5, 124.5, 118, 124.5, '24', 5.1286, (4, 0)),
('中美晶:5483.TWO', 1, 181.5, 181.5, 173, 173.5, '24', 11.7857, (0, 3)),
('東捷:8064.TWO', 1, 165.5, 166.5, 153, 156, '26', 14.5, (0, 1)),
('擎亞:8096.TWO', 1, 156, 156.5, 145, 150.5, '29', 10.6786, (0, 2)),
('風青:2061.TWO', 1, 59.9, 63.5, 55.3, 58, '06', 4.1214, (0, 1)),
('方土昶:6265.TWO', 1, 61, 61, 56, 56.6, '29', 4.3643, (0, 1)),
('九暘:8040.TWO', 1, 107, 114, 101, 114, '24', 7.0929, (4, 0)),
('千如:3236.TWO', 1, 66, 66.6, 60.6, 61, '28', 5.2536, (0, 2)),
('品安:8088.TWO', 1, 70.1, 71.2, 67.2, 68.2, '24', 4.2, (0, 2)),
('力士:4923.TWO', 1, 64.3, 67, 62.1, 63.3, '24', 4.3214, (0, 1)),
('光環:3234.TWO', 1, 138, 146.5, 133, 139, '27', 12.3929, (1, 0)),
('台嘉碩:3221.TWO', 1, 59.2, 59.2, 55.2, 55.6, '27', 5.2071, (0, 2)),
('亞電:4939.TWO', 1, 62.1, 62.3, 59.5, 60, '28', 5.8071, (0, 2)),
('建榮:5340.TWO', 1, 102, 102, 94.5, 96, '28', 5.4286, (0, 1)),
('系統電:5309.TWO', 1, 70.5, 71.3, 67.4, 67.7, '28', 4.4214, (0, 1)),
('杰力:5299.TWO', 1, 137, 140, 129, 130, '24', 6.65, (0, 1)),
('晶焱:6411.TWO', 1, 113.5, 115.5, 103, 104.5, '24', 6.5286, (0, 1)),
('凱崴:5498.TWO', 1, 69, 69, 64.7, 65, '28', 4.3071, (0, 1)),
('堡達:3537.TWO', 1, 86.1, 86.1, 79.4, 81.2, '28', 7.6786, (0, 2)),
('宏捷科:8086.TWO', 1, 166, 167.5, 159, 159.5, '24', 9.3571, (0, 2)),
('萬泰科:6190.TWO', 1, 84, 84.3, 81, 81.7, '27', 4.1857, (0, 1)),
('神盾:6462.TWO', 1, 123.5, 128, 121.5, 122, '24', 5.3571, (0, 1)),
('宜特:3289.TWO', 1, 182, 183, 169, 169.5, '31', 10.5714, (0, 1)),