('聯電:2303.TW', 1, 124.5, 131.5, 118.5, 127.5, '24', 11.4643, (1, 0)),
('華邦電:2344.TW', 1, 160.5, 161, 153.5, 156.5, '24', 13.6429, (0, 1)),
('英業達:2356.TW', 1, 69.3, 70.9, 67.4, 70.6, '25', 6.1857, (1, 0)),
('富邦金:2881.TW', 1, 115, 126.5, 115, 125, '17', 4.9357, (4, 0)),
('康舒:6282.TW', 1, 59.9, 64.4, 57.6, 63.2, '28', 5.4429, (2, 0)),
('南亞:1303.TW', 1, 100, 101, 96.9, 99.2, '03', 7.3071, (0, 1)),
('緯創:3231.TW', 1, 166, 168.5, 163, 165.5, '25', 10.3571, (0, 1)),
('希華:2484.TW', 1, 56.3, 60.8, 55, 60.8, '28', 5.0429, (3, 0)),
('南茂:8150.TW', 1, 87.5, 95.9, 84.5, 95.9, '24', 8.6714, (1, 0)),
('力積電:6770.TW', 1, 70.4, 71.5, 69.9, 71.5, '24', 6.1357, (2, 0)),
('台玻:1802.TW', 1, 63, 64.2, 62.4, 63, '08', 5.0286, (0, 0)),
('鈞寶:6155.TW', 1, 78, 85, 76.8, 80.7, '28', 7.4214, (4, 0)),
('強茂:2481.TW', 1, 149, 149, 139, 146, '24', 13.6786, (0, 1)),
('和碩:4938.TW', 1, 91.2, 97.5, 89.3, 95.1, '25', 4.6571, (2, 0)),
('神達:3706.TW', 1, 91.7, 92, 89.5, 91.8, '25', 5.4857, (2, 0)),
('至上:8112.TW', 1, 86, 91.9, 85.2, 91.2, '29', 4.3929, (2, 0)),
('益登:3048.TW', 1, 67, 73.2, 66.1, 71.6, '29', 6.1643, (2, 0)),
('中釉:1809.TW', 1, 53, 59, 51, 56.3, '08', 4.8643, (1, 0)),
('TPK-KY:3673.TW', 1, 83, 87.8, 80.5, 86.9, '26', 7.7214, (2, 0)),
('大毅:2478.TW', 1, 161, 167, 151.5, 167, '28', 13.0357, (4, 0)),
('旺宏:2337.TW', 1, 148, 148, 143.5, 145.5, '24', 11.9643, (0, 1)),
('今國光:6209.TW', 1, 80.5, 88, 80.5, 88, '26', 5.8929, (5, 0)),
('東元:1504.TW', 1, 72.5, 73.4, 71.1, 73.1, '05', 4.6571, (2, 0)),
('微星:2377.TW', 1, 133.5, 140.5, 132.5, 139.5, '25', 8.75, (3, 0)),
('盟立:2464.TW', 1, 150, 153.5, 138, 150, '31', 14.5714, (0, 0)),
('台汽電:8926.TW', 1, 71.1, 73.5, 71.1, 73.5, '23', 4.2071, (2, 0)),
('康普:4739.TW', 1, 125, 130, 121, 130, '21', 8.65, (5, 0)),
('瑞儀:6176.TW', 1, 94.2, 95, 89.6, 91.8, '26', 4.35, (0, 1)),
('定穎投控:3715.TW', 1, 173.5, 179.5, 171, 174.5, '28', 10.9286, (3, 0)),
('大聯大:3702.TW', 1, 109.5, 112.5, 107.5, 110.5, '29', 5.9643, (1, 0)),
('兆赫:2485.TW', 1, 64.6, 69, 63.8, 68, '27', 4.2214, (3, 0)),
('事欣科:4916.TW', 1, 118, 125, 108.5, 119.5, '25', 9.3, (2, 0)),
('GIS-KY:6456.TW', 1, 79.3, 79.5, 74.4, 75.8, '26', 7.55, (0, 1)),
('鼎元:2426.TW', 1, 64, 68.2, 60.5, 68.2, '26', 7.2357, (1, 0)),
('富采:3714.TW', 1, 65, 67, 63.7, 66, '26', 5.0143, (3, 0)),
('長興:1717.TW', 1, 71.9, 72.3, 70.7, 72.3, '21', 4.5429, (3, 0)),
('昇貿:3305.TW', 1, 146, 146, 133, 142, '31', 11.25, (0, 1)),
('東陽:1319.TW', 1, 98.3, 105, 97.2, 105, '12', 4.7429, (6, 0)),
('亞光:3019.TW', 1, 143.5, 155, 142.5, 151.5, '26', 7.7857, (2, 0)),
('中興電:1513.TW', 1, 171, 171, 167, 169.5, '05', 9.5357, (0, 1)),
('亞力:1514.TW', 1, 124.5, 126.5, 121, 125.5, '05', 8.2143, (2, 0)),
('九豪:6127.TWO', 1, 77.5, 83.8, 77, 83.8, '28', 6.8571, (4, 0)),
('亞電:4939.TWO', 1, 66, 72.1, 62, 65.6, '28', 5.4321, (0, 1)),
('台嘉碩:3221.TWO', 1, 58.3, 63.9, 58.3, 63.9, '27', 5.25, (3, 0)),
('台半:5425.TWO', 1, 91.4, 93.8, 85, 92.7, '24', 9.1429, (1, 0)),
('鈺創:5351.TWO', 1, 86.3, 89, 84.6, 88.6, '24', 6.2286, (2, 0)),
('光頡:3624.TWO', 1, 104, 112.5, 100.5, 112.5, '28', 10.3357, (3, 0)),
('世界:5347.TWO', 1, 158.5, 163, 153.5, 161, '24', 10.3214, (3, 0)),
('立敦:6175.TWO', 1, 102.5, 109, 100, 104, '28', 9.1, (3, 0)),
('雷科:6207.TWO', 1, 134, 141, 122, 122.5, '28', 11.7857, (0, 1)),
('擎亞:8096.TWO', 1, 122, 130, 121, 125.5, '29', 9.75, (2, 0)),
('佳邦:6284.TWO', 1, 99.9, 106, 96.5, 105, '28', 10.4143, (1, 0)),
('系統電:5309.TWO', 1, 75, 76, 72.6, 74.1, '28', 5.1143, (0, 1)),
('東捷:8064.TWO', 1, 152.5, 157, 147, 149, '26', 14.7143, (0, 1)),
('富喬:1815.TWO', 1, 98.6, 99.5, 97.5, 98.9, '28', 5.8714, (2, 0)),
('中美晶:5483.TWO', 1, 143, 155, 140.5, 153.5, '24', 11.1071, (2, 0)),
('港建*:3093.TWO', 1, 66, 68.6, 62.8, 63.2, '31', 4.8, (0, 1)),
('合晶:6182.TWO', 1, 83, 88, 81.7, 87.2, '24', 7.9429, (2, 0)),
('光洋科:1785.TWO', 1, 131.5, 135, 129, 133, '31', 9.6071, (2, 0)),
('漢磊:3707.TWO', 1, 71.5, 75.5, 69.3, 75.3, '24', 6.8714, (2, 0)),
('堡達:3537.TWO', 1, 74.6, 82.8, 74.6, 81, '28', 7.4, (3, 0)),
('泰藝:8289.TWO', 1, 66.6, 71.8, 66.1, 70.1, '28', 5.9429, (3, 0)),
('湧德:3689.TWO', 1, 127.5, 127.5, 119, 122, '28', 7.1071, (0, 1)),
('宏捷科:8086.TWO', 1, 145.5, 157, 143.5, 154, '24', 11.1429, (2, 0)),
('精確:3162.TWO', 1, 83.6, 89.4, 83.6, 87, '05', 4.9786, (3, 0)),
('均豪:5443.TWO', 1, 107, 108, 103, 105.5, '24', 7.5, (0, 1)),
('今展科:6432.TWO', 1, 66.9, 71.7, 66.4, 71.7, '28', 5.25, (3, 0)),
('雅特力-KY:6907.TWO', 1, 155, 157, 140.5, 142.5, '24', 11.8571, (0, 1)),
('鈺鎧:5228.TWO', 1, 71.8, 77.5, 70.7, 74, '28', 5.6286, (3, 0)),
('尼克森:3317.TWO', 1, 74.5, 78.7, 73.5, 78.3, '24', 4.7857, (3, 0)),
('碩禾:3691.TWO', 1, 156, 168.5, 150.5, 167, '26', 12.7143, (2, 0)),
('廣閎科:6693.TWO', 1, 167, 177, 160.5, 175, '24', 10.7857, (5, 0)),
('凱崴:5498.TWO', 1, 59.2, 63.3, 58.2, 63.3, '28', 4.15, (3, 0)),
('長科*:6548.TWO', 1, 83.3, 90.6, 83.3, 86.5, '24', 6.6143, (2, 0)),
('萬泰科:6190.TWO', 1, 77, 81.3, 77, 80.9, '27', 5.0357, (2, 0)),
('光環:3234.TWO', 1, 131, 132, 123, 124.5, '27', 9.6357, (0, 1)),
('久元:6261.TWO', 1, 102.5, 103, 99.1, 99.9, '24', 7.2929, (0, 1)),