('群創:3481.TW', 1, 69.4, 69.9, 66, 66, '26', 4.8464, (0, 1)),
('台玻:1802.TW', 1, 73.5, 78.4, 73.4, 76.6, '08', 4.4214, (3, 0)),
('力積電:6770.TW', 1, 79.5, 81.6, 78.5, 81.6, '24', 5.3714, (3, 0)),
('聯電:2303.TW', 1, 160, 160, 160, 160, '24', 10.6429, (0, 0)),
('英業達:2356.TW', 1, 68.3, 71.5, 67.5, 67.8, '25', 4.7714, (0, 2)),
('南亞:1303.TW', 1, 152.5, 152.5, 152.5, 152.5, '03', 9.5, (0, 0)),
('康舒:6282.TW', 1, 58.9, 63.9, 58, 63.9, '28', 4.8714, (2, 0)),
('南茂:8150.TW', 1, 108, 114, 107.5, 114, '24', 9.0714, (2, 0)),
('緯創:3231.TW', 1, 164.5, 166, 161.5, 162.5, '25', 9.25, (0, 2)),
('至上:8112.TW', 1, 99.8, 103.5, 98.3, 100.5, '29', 5.55, (3, 0)),
('鼎元:2426.TW', 1, 85, 89.9, 82.2, 89.9, '26', 7.5071, (3, 0)),
('國泰金:2882.TW', 1, 117, 117.5, 112, 113, '17', 5.35, (0, 1)),
('TPK-KY:3673.TW', 1, 87.6, 91, 86.7, 88.5, '26', 6.0714, (1, 0)),
('富采:3714.TW', 1, 68.5, 73.8, 68, 72.9, '26', 4.4071, (3, 0)),
('希華:2484.TW', 1, 71.3, 72.2, 66, 66.9, '28', 6.0536, (0, 1)),
('富邦金:2881.TW', 1, 139.5, 141, 136, 138.5, '17', 5.9286, (0, 1)),
('盟立:2464.TW', 1, 178, 186.5, 172, 173, '31', 14.2143, (0, 1)),
('威盛:2388.TW', 1, 83.5, 88.6, 81.4, 84.4, '24', 4.8286, (3, 0)),
('和碩:4938.TW', 1, 83.8, 84.6, 82, 82, '25', 5.55, (0, 2)),
('超豐:2441.TW', 1, 139, 144.5, 137.5, 140, '24', 7.0357, (3, 0)),
('今國光:6209.TW', 1, 100, 101, 95.7, 97.2, '26', 7.5143, (0, 1)),
('神達:3706.TW', 1, 87.8, 89.6, 87.2, 87.4, '25', 4.8643, (0, 1)),
('鈞寶:6155.TW', 1, 99, 103, 96.1, 96.7, '28', 8.6786, (0, 1)),
('東陽:1319.TW', 1, 88.5, 88.6, 84.8, 84.8, '12', 5.9571, (0, 2)),
('康霈*:6919.TW', 1, 113, 119.5, 112.5, 119.5, '22', 5.0286, (6, 0)),
('東元:1504.TW', 1, 71.2, 73.2, 71, 72.2, '05', 4.4714, (3, 0)),
('中華化:1727.TW', 1, 95, 103.5, 93.6, 102, '21', 5.7929, (1, 0)),
('中興電:1513.TW', 1, 181, 181, 176, 181, '05', 8.4643, (0, 0)),
('台郡:6269.TW', 1, 81, 87.5, 79, 87.5, '28', 6.5643, (1, 0)),
('中釉:1809.TW', 1, 51.7, 56.5, 51.5, 56.5, '08', 4.9821, (1, 0)),
('福懋科:8131.TW', 1, 77, 80.4, 76.4, 78.8, '24', 4.8643, (2, 0)),
('弘憶股:3312.TW', 1, 63.4, 68.8, 61.6, 67.4, '29', 5.3143, (3, 0)),
('精成科:6191.TW', 1, 102, 106.5, 100.5, 103.5, '28', 5.1929, (1, 0)),
('亞力:1514.TW', 1, 123.5, 127, 121.5, 127, '05', 7.4643, (2, 0)),
('中租-KY:5871.TW', 1, 116, 119, 116, 118, '20', 4.6786, (1, 0)),
('微星:2377.TW', 1, 140, 140.5, 136.5, 137, '25', 7.1429, (0, 1)),
('合晶:6182.TWO', 1, 121, 123, 115, 116.5, '24', 9.1286, (0, 1)),
('富喬:1815.TWO', 1, 100.5, 107.5, 100, 106.5, '28', 5.9286, (3, 0)),
('鈺創:5351.TWO', 1, 97.1, 103, 97.1, 99.8, '24', 6.4786, (3, 0)),
('華容:5328.TWO', 1, 58.4, 60, 57, 58, '28', 4.1357, (0, 1)),
('光洋科:1785.TWO', 1, 151.5, 160.5, 147, 150, '31', 8.8929, (0, 1)),
('漢磊:3707.TWO', 1, 86.5, 91.5, 86.5, 91.5, '24', 5.7714, (3, 0)),
('雷科:6207.TWO', 1, 171, 181.5, 165, 165.5, '28', 14.4643, (0, 1)),
('中美晶:5483.TWO', 1, 186, 192, 180, 180.5, '24', 11.7857, (0, 2)),
('東捷:8064.TWO', 1, 161.5, 171.5, 158, 165.5, '26', 14.4286, (1, 0)),
('光頡:3624.TWO', 1, 171.5, 176.5, 165.5, 176.5, '28', 13.5429, (1, 0)),
('千如:3236.TWO', 1, 71, 71.6, 66.2, 66.4, '28', 5.1821, (0, 1)),
('擎亞:8096.TWO', 1, 161, 162, 154, 157.5, '29', 10.7143, (0, 1)),
('方土昶:6265.TWO', 1, 58.4, 61, 57.3, 59.8, '29', 4.4429, (3, 0)),
('品安:8088.TWO', 1, 69, 72.5, 68.1, 68.5, '24', 4.3357, (0, 1)),
('堡達:3537.TWO', 1, 90.3, 92.5, 85.7, 86, '28', 7.6929, (0, 1)),
('立敦:6175.TWO', 1, 113.5, 115, 108, 109, '28', 10.2357, (0, 1)),
('光環:3234.TWO', 1, 146, 151, 130.5, 139, '27', 12.25, (0, 1)),
('凱崴:5498.TWO', 1, 68.5, 70.2, 66.7, 68.9, '28', 4.3286, (3, 0)),
('萬泰科:6190.TWO', 1, 83.5, 85.5, 82.3, 83.7, '27', 4.7, (3, 0)),
('尼克森:3317.TWO', 1, 95, 97.1, 94.8, 97.1, '24', 5.1214, (3, 0)),
('系統電:5309.TWO', 1, 69.9, 71.3, 69, 70.2, '28', 4.6643, (3, 0)),
('亞電:4939.TWO', 1, 65, 65.7, 62, 62.8, '28', 6.2679, (0, 1)),
('長科*:6548.TWO', 1, 93.8, 94.7, 93.8, 94.7, '24', 8.2786, (1, 0)),
('今展科:6432.TWO', 1, 85.5, 86.8, 81.3, 81.3, '28', 6.4, (0, 1)),
('鑫科:3663.TWO', 1, 86.4, 88.4, 85.7, 86, '31', 5.7714, (0, 2)),
('台嘉碩:3221.TWO', 1, 61.5, 61.7, 58.5, 59.1, '27', 5.15, (0, 1)),
('晶焱:6411.TWO', 1, 113.5, 117, 110, 114, '24', 6.2929, (3, 0)),
('創惟:6104.TWO', 1, 105, 110.5, 105, 108.5, '24', 5.6143, (3, 0)),
('安可:3615.TWO', 1, 60.2, 60.9, 60, 60.9, '26', 5.2679, (3, 0)),
('安國:8054.TWO', 1, 106, 113.5, 105.5, 113.5, '24', 4.6286, (3, 0)),
('佳邦:6284.TWO', 1, 107, 107, 101, 103.5, '28', 9.0071, (0, 2)),
('東浦:3290.TWO', 1, 71.5, 74.8, 68, 68.8, '28', 4.2714, (0, 1)),
('宏捷科:8086.TWO', 1, 169, 171.5, 164, 165.5, '24', 9.4643, (0, 1)),
('日揚:6208.TWO', 1, 108.5, 108.5, 105, 106, '24', 6.1786, (0, 1)),
('台半:5425.TWO', 1, 130, 130, 130, 130, '24', 8.6786, (0, 0)),
('九豪:6127.TWO', 1, 87, 87, 82.6, 85.3, '28', 6.9143, (0, 1)),
('宜特:3289.TWO', 1, 176.5, 179.5, 174, 179, '31', 10.1786, (3, 0)),