('聯電:2303.TW', 1, 119, 126, 116.5, 125, '24', 11.8929, (1, 0)),
('華邦電:2344.TW', 1, 154, 162.5, 149, 156.5, '24', 14.2857, (1, 0)),
('希華:2484.TW', 1, 58.5, 63.9, 57.2, 60.7, '28', 5.5964, (1, 0)),
('力積電:6770.TW', 1, 62.6, 65.1, 62.1, 64.4, '24', 6.2071, (1, 0)),
('南茂:8150.TW', 1, 91.2, 97.1, 90.4, 97.1, '24', 9.5214, (1, 0)),
('富邦金:2881.TW', 1, 125, 127.5, 121.5, 125.5, '17', 5.3786, (1, 0)),
('南亞:1303.TW', 1, 93.2, 99.2, 93.1, 96.9, '03', 7.4929, (1, 0)),
('至上:8112.TW', 1, 95.1, 97.6, 90.7, 95.5, '29', 5.0929, (4, 0)),
('緯創:3231.TW', 1, 157, 159, 150.5, 152.5, '25', 10.3929, (0, 3)),
('燿華:2367.TW', 1, 64.9, 66.7, 62.4, 64.6, '28', 4.1, (0, 2)),
('台玻:1802.TW', 1, 59.8, 60.5, 56.7, 59.3, '08', 4.9, (0, 2)),
('康舒:6282.TW', 1, 58.9, 59.5, 55.2, 57.2, '28', 5.7857, (0, 2)),
('英業達:2356.TW', 1, 64.8, 66.4, 63.6, 65.4, '25', 6.1929, (1, 0)),
('大毅:2478.TW', 1, 180, 187, 162, 177.5, '28', 14.6786, (0, 1)),
('國泰金:2882.TW', 1, 101, 101.5, 97.7, 100.5, '17', 4.1286, (0, 2)),
('新唐:4919.TW', 1, 166.5, 174.5, 161.5, 172.5, '24', 17.0, (1, 0)),
('益登:3048.TW', 1, 73.2, 76, 71.5, 75, '29', 6.0071, (4, 0)),
('和碩:4938.TW', 1, 96.1, 96.6, 93.8, 95.4, '25', 5.05, (0, 1)),
('敬鵬:2355.TW', 1, 54.3, 58.7, 54.2, 58.7, '28', 4.1071, (1, 0)),
('鈞寶:6155.TW', 1, 79.6, 84.1, 76.3, 84.1, '28', 7.85, (1, 0)),
('旺宏:2337.TW', 1, 135, 140.5, 132.5, 140, '24', 11.8929, (1, 0)),
('中租-KY:5871.TW', 1, 118, 123, 117.5, 123, '20', 4.1429, (4, 0)),
('強茂:2481.TW', 1, 136, 139, 132, 137, '24', 13.6429, (1, 0)),
('東元:1504.TW', 1, 68.8, 69.5, 67.6, 68.4, '05', 4.7357, (0, 2)),
('鼎元:2426.TW', 1, 60.1, 67, 58, 66.3, '26', 7.4429, (1, 0)),
('大聯大:3702.TW', 1, 111, 111.5, 105.5, 108.5, '29', 5.1429, (0, 2)),
('兆赫:2485.TW', 1, 64.1, 67, 63.4, 64.8, '27', 4.5143, (1, 0)),
('今國光:6209.TW', 1, 80.8, 82, 77, 79.3, '26', 6.3786, (0, 2)),
('TPK-KY:3673.TW', 1, 80.6, 82.3, 78.4, 78.7, '26', 7.5714, (0, 2)),
('事欣科:4916.TW', 1, 114, 121, 110.5, 114.5, '25', 9.4857, (1, 0)),
('豐泰:9910.TW', 1, 94.5, 99, 93.1, 97, '37', 4.75, (4, 0)),
('台汽電:8926.TW', 1, 77, 77.3, 73.6, 75.5, '23', 4.4929, (0, 1)),
('富采:3714.TW', 1, 63, 64.2, 59.7, 63.5, '26', 4.8214, (1, 0)),
('微星:2377.TW', 1, 130.5, 134.5, 129.5, 133.5, '25', 8.5714, (1, 0)),
('神達:3706.TW', 1, 85.6, 88, 84.3, 86.5, '25', 5.5714, (1, 0)),
('定穎投控:3715.TW', 1, 167.5, 171.5, 160, 166, '28', 11.1429, (0, 2)),
('長興:1717.TW', 1, 67, 68.7, 66, 67.8, '21', 4.2286, (1, 0)),
('瑞儀:6176.TW', 1, 88.6, 91.7, 88.1, 91.7, '26', 4.3857, (1, 0)),
('盟立:2464.TW', 1, 148, 148.5, 135, 142, '31', 14.5714, (0, 2)),
('九豪:6127.TWO', 1, 78, 81, 76.4, 79, '28', 7.7, (1, 0)),
('世界:5347.TWO', 1, 153, 161.5, 151.5, 161.5, '24', 10.5714, (1, 0)),
('光洋科:1785.TWO', 1, 137, 145.5, 134.5, 145.5, '31', 10.25, (4, 0)),
('鈺創:5351.TWO', 1, 87.5, 88.5, 81.8, 84.3, '24', 6.6071, (0, 2)),
('光頡:3624.TWO', 1, 119, 119.5, 104, 110, '28', 11.5143, (0, 1)),
('台嘉碩:3221.TWO', 1, 58, 64, 58, 60, '27', 5.7143, (1, 0)),
('富喬:1815.TWO', 1, 90.5, 92.9, 85, 90.1, '28', 6.1286, (0, 2)),
('雷科:6207.TWO', 1, 134.5, 135, 121.5, 125, '28', 12.65, (0, 1)),
('聯一光:3441.TWO', 1, 65.1, 71.5, 62.4, 71.5, '26', 5.3321, (6, 0)),
('立敦:6175.TWO', 1, 101.5, 106, 96.6, 103, '28', 9.8357, (1, 0)),
('千如:3236.TWO', 1, 52, 57.5, 52, 57.5, '28', 4.8964, (1, 0)),
('台半:5425.TWO', 1, 89.4, 92.5, 86.7, 91.9, '24', 9.3929, (1, 0)),
('金山電:8042.TWO', 1, 145, 155, 127, 155, '28', 16.3214, (1, 0)),
('亞電:4939.TWO', 1, 60.7, 61.9, 56.4, 60.2, '28', 6.2429, (0, 3)),
('先進光:3362.TWO', 1, 166, 172, 160, 164, '26', 9.8929, (0, 1)),
('東捷:8064.TWO', 1, 140.5, 143, 130, 133, '26', 15.5357, (0, 3)),
('方土昶:6265.TWO', 1, 57.6, 59.7, 55.1, 57.7, '29', 4.7643, (1, 0)),
('凱崴:5498.TWO', 1, 64.5, 66.7, 61.2, 66.7, '28', 4.4571, (1, 0)),
('合晶:6182.TWO', 1, 79.5, 80.9, 71.7, 80.9, '24', 8.5214, (1, 0)),
('擎亞:8096.TWO', 1, 120, 128, 117, 121, '29', 10.25, (1, 0)),
('漢磊:3707.TWO', 1, 71, 74, 68.7, 74, '24', 6.7214, (4, 0)),
('堡達:3537.TWO', 1, 80.7, 82.3, 75.2, 78.3, '28', 7.75, (0, 2)),
('系統電:5309.TWO', 1, 66.6, 68, 64.6, 66.6, '28', 5.3714, (0, 0)),
('泰藝:8289.TWO', 1, 68, 73.8, 67.9, 72.6, '28', 6.0571, (1, 0)),
('中美晶:5483.TWO', 1, 142, 148, 140.5, 145, '24', 11.0714, (1, 0)),
('佳邦:6284.TWO', 1, 98.3, 100.5, 93.2, 96.7, '28', 10.85, (0, 2)),
('碩禾:3691.TWO', 1, 160, 167.5, 156, 167, '26', 13.7143, (1, 0)),
('今展科:6432.TWO', 1, 77.3, 78.2, 70.8, 72.9, '28', 5.7357, (0, 1)),
('萬泰科:6190.TWO', 1, 80.7, 82.5, 77.6, 79, '27', 5.4, (0, 2)),
('艾訊:3088.TWO', 1, 139, 145.5, 139, 145, '25', 7.0357, (1, 0)),