('群創:3481.TW', 1, 57, 60.5, 56.2, 59.4, '26', 4.475, (1, 0)),
('聯電:2303.TW', 1, 141.5, 141.5, 130.5, 130.5, '24', 11.1786, (0, 2)),
('華邦電:2344.TW', 1, 188, 193, 177, 177.5, '24', 12.9286, (0, 1)),
('英業達:2356.TW', 1, 82.5, 88.6, 81, 85.4, '25', 5.1214, (5, 0)),
('神達:3706.TW', 1, 97.6, 103.5, 93.6, 100, '25', 4.0857, (4, 0)),
('康舒:6282.TW', 1, 63.8, 67.8, 62.1, 64.4, '28', 4.25, (1, 0)),
('南亞:1303.TW', 1, 118.5, 118.5, 107, 113, '03', 6.2071, (0, 1)),
('力積電:6770.TW', 1, 88, 88, 84.1, 84.6, '24', 5.5571, (0, 3)),
('台玻:1802.TW', 1, 71.8, 72.4, 70.4, 71.8, '08', 4.9071, (0, 0)),
('旺宏:2337.TW', 1, 177.5, 177.5, 162, 162, '24', 12.2857, (0, 1)),
('TPK-KY:3673.TW', 1, 93, 98.9, 91.8, 94, '26', 7.4571, (4, 0)),
('正達:3149.TW', 1, 89.7, 93.4, 88.8, 90.8, '26', 5.2429, (1, 0)),
('南茂:8150.TW', 1, 99.4, 104.5, 95.7, 95.8, '24', 7.3643, (0, 3)),
('微星:2377.TW', 1, 151.5, 152, 146, 146.5, '25', 7.7143, (0, 1)),
('強茂:2481.TW', 1, 153, 160.5, 153, 159, '24', 13.3571, (1, 0)),
('富采:3714.TW', 1, 70.1, 74.1, 69.8, 70, '26', 4.6357, (0, 8)),
('益登:3048.TW', 1, 76, 76.2, 68.2, 69.2, '29', 6.0786, (0, 1)),
('鼎元:2426.TW', 1, 73.2, 78.6, 73.2, 74.3, '26', 6.7357, (1, 0)),
('亞力:1514.TW', 1, 126.5, 136, 124.5, 136, '05', 6.0714, (1, 0)),
('台虹:8039.TW', 1, 149.5, 157, 146.5, 150.5, '28', 12.4286, (1, 0)),
('盟立:2464.TW', 1, 190, 191, 174.5, 175.5, '31', 14.6071, (0, 2)),
('大聯大:3702.TW', 1, 120, 120, 116.5, 118, '29', 6.3929, (0, 1)),
('長興:1717.TW', 1, 79.4, 79.7, 77.5, 78.1, '21', 4.5357, (0, 8)),
('鈞寶:6155.TW', 1, 75.5, 78.1, 71.3, 71.4, '28', 5.9821, (0, 1)),
('詮欣:6205.TW', 1, 89, 94, 87.6, 91.2, '28', 5.3571, (3, 0)),
('晶彩科:3535.TW', 1, 137.5, 145.5, 132, 135.5, '26', 7.6071, (0, 1)),
('九豪:6127.TWO', 1, 79.8, 80.5, 74.4, 74.6, '28', 5.65, (0, 1)),
('台半:5425.TWO', 1, 110, 112.5, 104.5, 105, '24', 8.9571, (0, 4)),
('鈺創:5351.TWO', 1, 95, 95, 90, 90.1, '24', 5.75, (0, 1)),
('世界:5347.TWO', 1, 172.5, 175, 168, 168, '24', 10.75, (0, 2)),
('長科*:6548.TWO', 1, 81.5, 89.2, 80.3, 89.2, '24', 4.1786, (11, 0)),
('系統電:5309.TWO', 1, 82.3, 83.8, 77.9, 79.5, '28', 4.5429, (0, 2)),
('台嘉碩:3221.TWO', 1, 60, 63, 58.2, 58.3, '27', 4.7643, (0, 1)),
('漢磊:3707.TWO', 1, 83, 84.7, 80.5, 84.3, '24', 6.8429, (1, 0)),
('富喬:1815.TWO', 1, 110.5, 110.5, 106.5, 106.5, '28', 5.8571, (0, 2)),
('光洋科:1785.TWO', 1, 145, 145.5, 140.5, 142, '31', 10.1071, (0, 3)),
('中美晶:5483.TWO', 1, 165.5, 172.5, 163, 167, '24', 10.0357, (1, 0)),
('蜜望實:8043.TWO', 1, 157, 158.5, 150, 151, '28', 12.8571, (0, 1)),
('湧德:3689.TWO', 1, 138.5, 145, 137.5, 142, '28', 5.8571, (1, 0)),
('立敦:6175.TWO', 1, 95.6, 95.6, 89, 91.3, '28', 7.7143, (0, 4)),
('東捷:8064.TWO', 1, 161, 172.5, 157.5, 172.5, '26', 13.8571, (1, 0)),
('合晶:6182.TWO', 1, 92.3, 96.9, 92.3, 96.9, '24', 6.5857, (1, 0)),
('宏捷科:8086.TWO', 1, 170.5, 174.5, 163, 164.5, '24', 10.4643, (0, 1)),
('泰藝:8289.TWO', 1, 72.2, 76, 70, 72.2, '28', 5.1714, (0, 0)),
('雷科:6207.TWO', 1, 130, 139.5, 129.5, 139.5, '28', 9.7214, (1, 0)),
('擎亞:8096.TWO', 1, 136.5, 140, 134.5, 136.5, '29', 8.9786, (0, 0)),
('堡達:3537.TWO', 1, 82, 85.9, 79.3, 79.3, '28', 6.1643, (0, 4)),
('宜特:3289.TWO', 1, 166, 180.5, 166, 180.5, '31', 8.0, (1, 0)),
('萬泰科:6190.TWO', 1, 83.9, 85.1, 83, 83, '27', 4.7214, (0, 3)),
('廣穎:4973.TWO', 1, 172, 172, 166, 172, '24', 10.1429, (0, 0)),
('尼克森:3317.TWO', 1, 83, 84.9, 81, 81.5, '24', 4.8071, (0, 1)),
('凱崴:5498.TWO', 1, 63.9, 64, 61.6, 62.4, '28', 4.3286, (0, 2)),
('力致:3483.TWO', 1, 102, 110.5, 102, 110.5, '25', 4.8643, (1, 0)),