('群創:3481.TW', 1, 66.6, 70.1, 66, 69.2, '26', 5.0857, (1, 0)),
('力積電:6770.TW', 1, 74.2, 77.4, 72.5, 72.6, '24', 5.7571, (0, 1)),
('台化:1326.TW', 1, 72.8, 73, 67.2, 67.6, '03', 4.4357, (0, 1)),
('長興:1717.TW', 1, 82.4, 88.6, 80.7, 85.4, '21', 4.4571, (3, 0)),
('希華:2484.TW', 1, 98.1, 99.4, 93.6, 95.8, '28', 6.2857, (0, 1)),
('旺宏:2337.TW', 1, 146.5, 152, 144, 144.5, '24', 11.8214, (0, 1)),
('聯電:2303.TW', 1, 171.5, 171.5, 164, 166, '24', 11.0357, (0, 1)),
('南茂:8150.TW', 1, 111.5, 115.5, 111, 115.5, '24', 9.5286, (1, 0)),
('國泰金:2882.TW', 1, 94.2, 94.9, 93.1, 93.4, '17', 4.8857, (0, 1)),
('榮科:4989.TW', 1, 116, 117.5, 106.5, 111, '28', 7.8786, (0, 1)),
('超豐:2441.TW', 1, 156, 156, 144, 145, '24', 7.8571, (0, 1)),
('台玻:1802.TW', 1, 69.8, 70.4, 67.4, 67.9, '08', 4.8, (0, 2)),
('緯創:3231.TW', 1, 161, 162, 157.5, 158, '25', 4.7857, (0, 1)),
('福懋科:8131.TW', 1, 76.4, 82.2, 76.1, 82.2, '24', 4.6643, (3, 0)),
('矽統:2363.TW', 1, 71.5, 72.2, 68, 68.3, '24', 4.7357, (0, 1)),
('嘉晶:3016.TW', 1, 139.5, 143, 127, 128.5, '24', 13.1786, (0, 1)),
('鼎元:2426.TW', 1, 79, 84.2, 78.2, 79.2, '26', 7.3786, (3, 0)),
('至上:8112.TW', 1, 91, 93.3, 89.3, 89.5, '29', 4.2643, (0, 1)),
('富邦金:2881.TW', 1, 122, 123, 120.5, 121.5, '17', 5.2143, (0, 1)),
('龍德造船:6753.TW', 1, 160, 168.5, 151, 153, '15', 8.6429, (0, 1)),
('亞力:1514.TW', 1, 124.5, 130, 124.5, 126.5, '05', 5.0714, (1, 0)),
('新唐:4919.TW', 1, 179, 184, 174, 174, '24', 16.5357, (0, 2)),
('盟立:2464.TW', 1, 173, 178.5, 168, 169, '31', 13.4643, (0, 3)),
('宏致:3605.TW', 1, 90.3, 91.5, 85.8, 87.7, '28', 4.7714, (0, 2)),
('台虹:8039.TW', 1, 151, 160, 149.5, 149.5, '28', 9.4643, (0, 1)),
('精成科:6191.TW', 1, 109.5, 111, 107, 107, '28', 5.5571, (0, 2)),
('TPK-KY:3673.TW', 1, 83, 85.6, 81.1, 81.2, '26', 5.9643, (0, 2)),
('虹冠電:3257.TW', 1, 71.2, 78.2, 71, 72.2, '24', 4.5929, (3, 0)),
('微星:2377.TW', 1, 144.5, 146, 142, 142.5, '25', 5.1071, (0, 1)),
('定穎投控:3715.TW', 1, 174.5, 174.5, 164, 165, '28', 9.8929, (0, 2)),
('合晶:6182.TWO', 1, 168.5, 174, 154.5, 156, '24', 12.6286, (0, 1)),
('中光電:5371.TWO', 1, 95.7, 102, 95, 102, '26', 5.4929, (2, 0)),
('華容:5328.TWO', 1, 84, 87.5, 80.1, 80.6, '28', 6.3714, (0, 1)),
('漢磊:3707.TWO', 1, 93.3, 93.6, 86, 86.3, '24', 7.2857, (0, 1)),
('長科*:6548.TWO', 1, 96.6, 100.5, 93.3, 94.2, '24', 7.2929, (0, 1)),
('光洋科:1785.TWO', 1, 158.5, 160.5, 153, 153, '31', 8.6429, (0, 1)),
('台半:5425.TWO', 1, 144, 144, 137, 144, '24', 10.1786, (0, 0)),
('鈺創:5351.TWO', 1, 87.3, 89.9, 87.3, 89.9, '24', 5.6571, (1, 0)),
('富喬:1815.TWO', 1, 102.5, 103, 98.1, 99.5, '28', 7.2143, (0, 1)),
('安碁:6174.TWO', 1, 64.1, 67, 62, 63, '28', 4.5714, (0, 1)),
('台嘉碩:3221.TWO', 1, 66.3, 67.2, 60.6, 60.6, '27', 4.3929, (0, 1)),
('九豪:6127.TWO', 1, 89, 90.2, 82.9, 84, '28', 6.7786, (0, 3)),
('立敦:6175.TWO', 1, 116.5, 119.5, 110.5, 116.5, '28', 9.1571, (0, 0)),
('邑錡:7402.TWO', 1, 141, 148, 135, 136, '26', 7.4929, (0, 1)),
('千如:3236.TWO', 1, 69.7, 70.6, 64.7, 66.8, '28', 5.8857, (0, 3)),
('尼克森:3317.TWO', 1, 102, 105.5, 102, 105.5, '24', 7.0286, (1, 0)),
('智通*:8932.TWO', 1, 106.5, 116, 106, 116, '36', 6.1286, (1, 0)),
('晶宏:3141.TWO', 1, 84, 85.1, 81.3, 83.2, '24', 4.5214, (0, 1)),
('鑫科:3663.TWO', 1, 87.8, 92.4, 85.1, 85.1, '31', 5.7714, (0, 1)),
('亞電:4939.TWO', 1, 63.8, 66.4, 63, 63, '28', 4.1286, (0, 1)),
('雷科:6207.TWO', 1, 152, 154, 145.5, 145.5, '28', 13.4643, (0, 1)),
('宜特:3289.TWO', 1, 182, 182.5, 169, 169, '31', 11.0357, (0, 2)),
('東捷:8064.TWO', 1, 145, 145.5, 137.5, 138.5, '26', 11.1786, (0, 1)),
('先進光:3362.TWO', 1, 186.5, 191, 168.5, 169.5, '26', 15.3571, (0, 1)),
('佳邦:6284.TWO', 1, 108, 108, 104, 105, '28', 6.15, (0, 1)),
('擎亞:8096.TWO', 1, 161, 169, 158.5, 167.5, '29', 8.5357, (2, 0)),