('聯電:2303.TW', 1, 126.5, 130.5, 117.5, 118.5, '24', 11.6786, (0, 1)),
('華邦電:2344.TW', 1, 152, 163.5, 148, 149, '24', 14.1071, (0, 2)),
('力積電:6770.TW', 1, 67, 67.8, 64.4, 64.4, '24', 6.4, (0, 1)),
('希華:2484.TW', 1, 60.6, 65.1, 57.2, 58.1, '28', 5.4357, (0, 1)),
('康舒:6282.TW', 1, 61.8, 67, 58.1, 58.5, '28', 5.8143, (0, 1)),
('南茂:8150.TW', 1, 92.8, 102, 88.2, 88.3, '24', 9.3571, (0, 1)),
('富邦金:2881.TW', 1, 124, 126, 122.5, 122.5, '17', 5.0786, (0, 1)),
('英業達:2356.TW', 1, 68.6, 71.1, 65.6, 66.2, '25', 6.3786, (0, 1)),
('燿華:2367.TW', 1, 63.6, 68, 63.2, 63.3, '28', 4.0357, (0, 1)),
('今國光:6209.TW', 1, 88, 95.9, 80.9, 81, '26', 6.4071, (0, 1)),
('至上:8112.TW', 1, 92.4, 98.4, 91.6, 92.6, '29', 4.7714, (3, 0)),
('益登:3048.TW', 1, 71.1, 77, 70.9, 73.3, '29', 6.1643, (3, 0)),
('南亞:1303.TW', 1, 97.6, 101, 94.6, 94.8, '03', 7.2286, (0, 2)),
('緯創:3231.TW', 1, 162.5, 165, 158, 158, '25', 10.25, (0, 2)),
('和碩:4938.TW', 1, 93, 99.4, 92.4, 94.8, '25', 4.9929, (3, 0)),
('台玻:1802.TW', 1, 62, 63.6, 60, 60.1, '08', 5.0214, (0, 1)),
('強茂:2481.TW', 1, 143, 149, 135, 135.5, '24', 13.8929, (0, 2)),
('鈞寶:6155.TW', 1, 79.2, 88.5, 76.4, 76.5, '28', 7.8857, (0, 1)),
('神達:3706.TW', 1, 90.2, 90.4, 86.1, 86.1, '25', 5.6571, (0, 1)),
('大毅:2478.TW', 1, 164, 183.5, 163.5, 170, '28', 13.7143, (5, 0)),
('亞光:3019.TW', 1, 150, 163.5, 146, 146.5, '26', 8.7857, (0, 1)),
('微星:2377.TW', 1, 135, 140.5, 132, 132, '25', 9.0, (0, 1)),
('東元:1504.TW', 1, 72.5, 73, 69.5, 69.5, '05', 4.7357, (0, 1)),
('旺宏:2337.TW', 1, 141.5, 144, 135, 135, '24', 12.1429, (0, 2)),
('台汽電:8926.TW', 1, 73.5, 78, 73.1, 75, '23', 4.3571, (3, 0)),
('TPK-KY:3673.TW', 1, 85, 88.1, 80.5, 80.8, '26', 7.8214, (0, 1)),
('富采:3714.TW', 1, 64.6, 69.6, 62.7, 62.7, '26', 5.0286, (0, 1)),
('鼎元:2426.TW', 1, 67.2, 69.6, 61.4, 61.4, '26', 7.3357, (0, 1)),
('兆赫:2485.TW', 1, 66, 69.7, 63.4, 63.4, '27', 4.5071, (0, 1)),
('豐泰:9910.TW', 1, 86.3, 94, 85.5, 94, '37', 4.4714, (3, 0)),
('康普:4739.TW', 1, 128.5, 134.5, 124, 125, '21', 9.0643, (0, 1)),
('盟立:2464.TW', 1, 150, 158.5, 145, 146, '31', 14.6786, (0, 1)),
('瑞儀:6176.TW', 1, 91.2, 92.5, 89.1, 89.1, '26', 4.3786, (0, 2)),
('事欣科:4916.TW', 1, 120, 122.5, 111, 111.5, '25', 9.2786, (0, 1)),
('長興:1717.TW', 1, 71.1, 72.2, 67.5, 67.8, '21', 4.3714, (0, 1)),
('揚博:2493.TW', 1, 166, 185.5, 163.5, 180.5, '28', 14.7143, (6, 0)),
('大聯大:3702.TW', 1, 110, 113.5, 109, 109, '29', 5.3214, (0, 1)),
('台郡:6269.TW', 1, 67.4, 74.5, 67.4, 68.3, '28', 5.0857, (3, 0)),
('九豪:6127.TWO', 1, 83.2, 91.2, 76, 77, '28', 7.5786, (0, 1)),
('台嘉碩:3221.TWO', 1, 63.4, 67.9, 58.1, 58.5, '27', 5.65, (0, 1)),
('鈺創:5351.TWO', 1, 87, 93.7, 85.1, 85.5, '24', 6.65, (0, 1)),
('亞電:4939.TWO', 1, 65.5, 68.9, 59.1, 60.1, '28', 6.0429, (0, 2)),
('光頡:3624.TWO', 1, 112, 123.5, 112, 113.5, '28', 10.6786, (4, 0)),
('立敦:6175.TWO', 1, 102.5, 111.5, 99.5, 99.9, '28', 9.5357, (0, 1)),
('世界:5347.TWO', 1, 158, 161.5, 151.5, 152.5, '24', 10.5357, (0, 1)),
('東捷:8064.TWO', 1, 140, 163, 138, 138.5, '26', 15.7143, (0, 2)),
('台半:5425.TWO', 1, 91.7, 96.3, 86.8, 87.3, '24', 9.3286, (0, 1)),
('富喬:1815.TWO', 1, 97.1, 97.9, 91.2, 91.4, '28', 6.0286, (0, 1)),
('堡達:3537.TWO', 1, 81.6, 89.1, 79.3, 80, '28', 7.6929, (0, 1)),
('方土昶:6265.TWO', 1, 57.2, 60.5, 56.1, 56.3, '29', 4.7464, (0, 1)),
('佳邦:6284.TWO', 1, 102.5, 111.5, 96.8, 98, '28', 10.9786, (0, 1)),
('凱崴:5498.TWO', 1, 63, 67.9, 60.7, 60.7, '28', 4.4286, (0, 1)),
('雷科:6207.TWO', 1, 125, 134.5, 124.5, 134.5, '28', 12.0714, (1, 0)),
('系統電:5309.TWO', 1, 73.1, 73.3, 67.5, 67.6, '28', 5.3357, (0, 2)),
('光洋科:1785.TWO', 1, 132, 140, 131.5, 132.5, '31', 9.6786, (3, 0)),
('中美晶:5483.TWO', 1, 148, 151, 143.5, 143.5, '24', 11.0357, (0, 1)),
('先進光:3362.TWO', 1, 168, 171, 160, 171, '26', 9.25, (3, 0)),
('擎亞:8096.TWO', 1, 124, 131, 117.5, 118, '29', 10.2143, (0, 1)),
('泰藝:8289.TWO', 1, 68.8, 74, 66.8, 68.2, '28', 6.0643, (0, 1)),
('合晶:6182.TWO', 1, 85.5, 89.4, 78.5, 78.5, '24', 8.3143, (0, 1)),
('漢磊:3707.TWO', 1, 71.7, 77.3, 71.7, 71.9, '24', 6.7571, (3, 0)),
('碩禾:3691.TWO', 1, 165, 178, 163, 163, '26', 13.3214, (0, 1)),
('創惟:6104.TWO', 1, 102.5, 109, 100, 100, '24', 4.7857, (0, 1)),
('今展科:6432.TWO', 1, 74.2, 78.8, 74.2, 75.9, '28', 5.3857, (4, 0)),
('萬泰科:6190.TWO', 1, 80.1, 85.8, 79.8, 80, '27', 5.3, (0, 1)),
('尼克森:3317.TWO', 1, 78.3, 81.8, 76.5, 76.5, '24', 4.9357, (0, 1)),
('美琪瑪:4721.TWO', 1, 94, 99.5, 93.5, 93.5, '21', 4.8857, (0, 1)),
('港建*:3093.TWO', 1, 63.4, 67.9, 60.4, 60.6, '31', 5.1893, (0, 2)),
('宏捷科:8086.TWO', 1, 151, 158.5, 147, 147, '24', 11.5, (0, 1)),
('鉅橡:8074.TWO', 1, 74.4, 79.4, 71.1, 71.1, '28', 4.9714, (0, 1)),
('泓瀚:4741.TWO', 1, 80.7, 83.6, 77, 80.9, '21', 4.9357, (3, 0)),
('長科*:6548.TWO', 1, 85.5, 92, 80, 81.8, '24', 7.2643, (0, 1)),
('宜特:3289.TWO', 1, 172.5, 174, 157.5, 157.5, '31', 9.5714, (0, 1)),
('友威科:3580.TWO', 1, 100, 111, 99.3, 103, '31', 8.9357, (1, 0)),
('富致:6642.TWO', 1, 87.5, 92.9, 84, 84.4, '28', 6.55, (0, 1)),