('群創:3481.TW', 1, 66.8, 67.3, 65.8, 66, '26', 5.0036, (0, 1)),
('希華:2484.TW', 1, 93.9, 96.4, 88, 96.4, '28', 6.3857, (4, 0)),
('力積電:6770.TW', 1, 73.3, 75.1, 72.1, 73.4, '24', 5.8857, (2, 0)),
('台化:1326.TW', 1, 63, 68, 62.9, 68, '03', 4.2429, (3, 0)),
('聯電:2303.TW', 1, 159, 170.5, 158.5, 170.5, '24', 11.2143, (2, 0)),
('長興:1717.TW', 1, 73.1, 81.6, 73.1, 81.6, '21', 4.0714, (2, 0)),
('旺宏:2337.TW', 1, 142, 147, 140.5, 142.5, '24', 12.0357, (2, 0)),
('榮科:4989.TW', 1, 99.6, 110.5, 97.9, 110.5, '28', 7.3571, (5, 0)),
('台玻:1802.TW', 1, 69.1, 69.8, 67.9, 68.8, '08', 4.9357, (0, 1)),
('國泰金:2882.TW', 1, 92.8, 94.8, 92.8, 93.6, '17', 5.1143, (1, 0)),
('南茂:8150.TW', 1, 106.5, 109.5, 103.5, 105, '24', 9.2143, (0, 1)),
('TPK-KY:3673.TW', 1, 83.6, 88.8, 81.9, 82.4, '26', 5.9786, (0, 1)),
('新唐:4919.TW', 1, 185, 192, 176.5, 176.5, '24', 17.0714, (0, 1)),
('富邦金:2881.TW', 1, 118.5, 121.5, 118.5, 121, '17', 5.4643, (1, 0)),
('至上:8112.TW', 1, 89, 95.4, 87.8, 92.9, '29', 4.2786, (2, 0)),
('緯創:3231.TW', 1, 157.5, 161.5, 157.5, 159, '25', 5.1786, (2, 0)),
('嘉晶:3016.TW', 1, 131, 137.5, 127, 135.5, '24', 12.8214, (2, 0)),
('鼎元:2426.TW', 1, 74.8, 79.6, 73.6, 79, '26', 7.4357, (2, 0)),
('盟立:2464.TW', 1, 180, 182, 170, 172.5, '31', 13.75, (0, 2)),
('蔚華科:3055.TW', 1, 142, 154, 140, 152.5, '29', 8.7143, (2, 0)),
('正達:3149.TW', 1, 90, 91.2, 86.1, 87.2, '26', 7.9786, (0, 1)),
('精成科:6191.TW', 1, 109, 111, 106.5, 108, '28', 5.9286, (0, 1)),
('事欣科:4916.TW', 1, 113.5, 119.5, 113.5, 115, '25', 6.0214, (5, 0)),
('所羅門:2359.TW', 1, 148, 149.5, 140.5, 142, '31', 6.3214, (0, 1)),
('矽統:2363.TW', 1, 70.2, 71.7, 69.2, 70.6, '24', 4.6714, (1, 0)),
('微星:2377.TW', 1, 142.5, 144.5, 141.5, 143, '25', 5.25, (2, 0)),
('合晶:6182.TWO', 1, 153, 163, 147, 163, '24', 11.8643, (2, 0)),
('華容:5328.TWO', 1, 80.1, 88.8, 80.1, 82.4, '28', 6.1429, (4, 0)),
('中光電:5371.TWO', 1, 84.5, 93.1, 84.3, 93.1, '26', 4.9857, (1, 0)),
('光洋科:1785.TWO', 1, 151, 160.5, 150, 156, '31', 8.6429, (2, 0)),
('漢磊:3707.TWO', 1, 86, 91.8, 83.5, 91, '24', 7.1786, (2, 0)),
('台嘉碩:3221.TWO', 1, 64, 69.5, 63.1, 66.3, '27', 4.25, (4, 0)),
('長科*:6548.TWO', 1, 90.6, 93.2, 87.5, 91.6, '24', 6.95, (2, 0)),
('加高:8182.TWO', 1, 56.7, 60.7, 55.4, 59, '28', 4.2571, (4, 0)),
('九豪:6127.TWO', 1, 90, 94.1, 86.9, 88, '28', 6.4929, (0, 2)),
('千如:3236.TWO', 1, 69, 74, 67.1, 68.7, '28', 5.9143, (0, 2)),
('尼克森:3317.TWO', 1, 97.3, 102, 92.5, 96.2, '24', 6.6643, (0, 1)),
('富喬:1815.TWO', 1, 100, 102, 98.6, 101.5, '28', 7.1857, (1, 0)),
('鑫科:3663.TWO', 1, 79.9, 88.4, 79.6, 88.4, '31', 5.6857, (2, 0)),
('立敦:6175.TWO', 1, 108, 117.5, 108, 115, '28', 9.1857, (2, 0)),
('雷科:6207.TWO', 1, 151.5, 157, 149, 154, '28', 13.7143, (1, 0)),
('安碁:6174.TWO', 1, 56.8, 61.8, 56.8, 61.8, '28', 4.5571, (4, 0)),
('鈺創:5351.TWO', 1, 83.1, 83.9, 81.6, 81.8, '24', 5.4214, (0, 1)),
('宜特:3289.TWO', 1, 189, 191, 174.5, 180, '31', 10.8214, (0, 1)),
('佳邦:6284.TWO', 1, 105.5, 109.5, 104, 108, '28', 6.4643, (4, 0)),
('晶宏:3141.TWO', 1, 78, 84.1, 78, 82.7, '24', 4.3857, (2, 0)),
('泰藝:8289.TWO', 1, 63.5, 67.5, 62.3, 65.6, '28', 4.4357, (3, 0)),
('台半:5425.TWO', 1, 131, 132.5, 128, 131, '24', 9.7929, (0, 0)),
('亞電:4939.TWO', 1, 61.3, 64.1, 61.3, 63.7, '28', 4.2571, (2, 0)),
('邑錡:7402.TWO', 1, 126, 138.5, 125, 138.5, '26', 6.7786, (1, 0)),
('東捷:8064.TWO', 1, 145.5, 149, 143, 145.5, '26', 11.25, (0, 0)),
('茂訊:3213.TWO', 1, 134, 143, 133, 142.5, '25', 5.4286, (5, 0)),
('今展科:6432.TWO', 1, 76.3, 79.8, 74.7, 78.6, '28', 6.7143, (1, 0)),
('安國:8054.TWO', 1, 112, 117, 111.5, 113.5, '24', 7.7786, (1, 0)),