('群創:3481.TW', 1, 70.8, 72.5, 67.1, 67.4, '26', 5.2786, (0, 2)),
('力積電:6770.TW', 1, 80.2, 80.5, 72.7, 74.3, '24', 5.75, (0, 5)),
('聯電:2303.TW', 1, 170, 173, 166.5, 169, '24', 11.1429, (0, 5)),
('台玻:1802.TW', 1, 76.3, 77.3, 69.6, 71.1, '08', 5.2643, (0, 1)),
('旺宏:2337.TW', 1, 156, 156.5, 142.5, 143.5, '24', 11.9286, (0, 3)),
('南茂:8150.TW', 1, 102.5, 109, 96.7, 107, '24', 9.15, (2, 0)),
('矽統:2363.TW', 1, 71.2, 75.9, 71.2, 73.5, '24', 4.75, (1, 0)),
('國泰金:2882.TW', 1, 100, 101, 94.3, 95, '17', 5.4214, (0, 1)),
('富邦金:2881.TW', 1, 128, 131, 121.5, 122.5, '17', 5.8929, (0, 4)),
('大聯大:3702.TW', 1, 107.5, 113, 105.5, 110, '29', 4.7857, (2, 0)),
('嘉晶:3016.TW', 1, 136.5, 142, 120.5, 122, '24', 12.4071, (0, 1)),
('緯創:3231.TW', 1, 161, 162, 159, 159.5, '25', 5.6786, (0, 1)),
('微星:2377.TW', 1, 147, 147, 139.5, 145.5, '25', 5.6786, (0, 1)),
('正達:3149.TW', 1, 103.5, 105, 93.5, 94, '26', 8.0214, (0, 1)),
('至上:8112.TW', 1, 92.8, 92.9, 89.7, 89.7, '29', 4.6071, (0, 2)),
('事欣科:4916.TW', 1, 103.5, 112.5, 102.5, 112.5, '25', 6.95, (3, 0)),
('希華:2484.TW', 1, 79.5, 79.8, 78, 79.8, '28', 6.0643, (2, 0)),
('鈞寶:6155.TW', 1, 93.6, 98.5, 88, 88, '28', 7.6857, (0, 1)),
('精成科:6191.TW', 1, 108, 108.5, 103.5, 103.5, '28', 5.2071, (0, 2)),
('義隆:2458.TW', 1, 190, 196, 181, 181.5, '24', 10.75, (0, 1)),
('宏致:3605.TW', 1, 79.5, 85.6, 78.7, 85.6, '28', 4.2571, (1, 0)),
('TPK-KY:3673.TW', 1, 82, 82.4, 75.7, 76.2, '26', 5.4071, (0, 1)),
('台虹:8039.TW', 1, 149, 157.5, 144.5, 145.5, '28', 9.7857, (0, 1)),
('鼎元:2426.TW', 1, 78, 79.4, 71.6, 72.1, '26', 7.4571, (0, 5)),
('榮科:4989.TW', 1, 90.1, 94.3, 88.6, 91.8, '28', 6.4643, (3, 0)),
('台郡:6269.TW', 1, 72, 72.6, 65, 65.5, '28', 6.5714, (0, 1)),
('新唐:4919.TW', 1, 177.5, 183, 168.5, 168.5, '24', 16.6071, (0, 2)),
('和碩:4938.TW', 1, 84.2, 85.1, 82.2, 82.6, '25', 4.0214, (0, 1)),
('定穎投控:3715.TW', 1, 177.5, 186.5, 172, 172, '28', 9.8929, (0, 1)),
('群光:2385.TW', 1, 111, 111, 105, 107, '28', 4.9643, (0, 1)),
('富喬:1815.TWO', 1, 115.5, 118.5, 103.5, 104, '28', 7.7714, (0, 1)),
('中光電:5371.TWO', 1, 89.3, 93.9, 87.3, 88, '26', 4.2357, (0, 1)),
('九豪:6127.TWO', 1, 94.8, 102, 94, 96.9, '28', 6.2143, (2, 0)),
('漢磊:3707.TWO', 1, 90.3, 94, 83, 83.3, '24', 6.8929, (0, 1)),
('千如:3236.TWO', 1, 70, 75.7, 70, 73, '28', 5.8643, (2, 0)),
('合晶:6182.TWO', 1, 135, 135, 135, 135, '24', 10.9857, (0, 0)),
('華容:5328.TWO', 1, 75.8, 78.2, 75.5, 78.2, '28', 5.7679, (2, 0)),
('鈺創:5351.TWO', 1, 86.8, 87.2, 80.3, 81.9, '24', 5.7786, (0, 2)),
('台嘉碩:3221.TWO', 1, 60.6, 64.4, 60.6, 64.4, '27', 4.0357, (2, 0)),
('均豪:5443.TWO', 1, 116, 127, 116, 124, '24', 5.9214, (3, 0)),
('東捷:8064.TWO', 1, 148, 160, 148, 148, '26', 11.8214, (0, 0)),
('立敦:6175.TWO', 1, 115, 120, 108, 108.5, '28', 9.5714, (0, 1)),
('光洋科:1785.TWO', 1, 146, 146.5, 140, 142, '31', 8.75, (0, 2)),
('亞電:4939.TWO', 1, 65.3, 66.4, 59.9, 60.1, '28', 4.5786, (0, 1)),
('長科*:6548.TWO', 1, 85, 85.3, 80.7, 82.4, '24', 6.6571, (0, 3)),
('雷科:6207.TWO', 1, 154, 161, 152, 161, '28', 13.3214, (2, 0)),
('佳邦:6284.TWO', 1, 103, 109.5, 102.5, 105.5, '28', 6.7571, (2, 0)),
('台半:5425.TWO', 1, 125, 127, 121, 121.5, '24', 9.3214, (0, 1)),
('港建*:3093.TWO', 1, 73, 76.8, 69.8, 75, '31', 4.8929, (2, 0)),
('今展科:6432.TWO', 1, 76.1, 80, 74.3, 76.1, '28', 6.8857, (0, 0)),
('泰藝:8289.TWO', 1, 60.7, 64.4, 60.7, 61.7, '28', 4.7214, (1, 0)),
('九暘:8040.TWO', 1, 116.5, 120, 101, 101.5, '24', 9.1357, (0, 1)),
('宜特:3289.TWO', 1, 179.5, 182, 167, 173.5, '31', 9.5, (0, 1)),
('鈺鎧:5228.TWO', 1, 70.8, 73.9, 70.5, 70.5, '28', 6.2214, (0, 1)),
('廣穎:4973.TWO', 1, 176, 176.5, 160, 160, '24', 12.6429, (0, 1)),
('宏捷科:8086.TWO', 1, 153, 154, 143, 143.5, '24', 8.3571, (0, 1)),
('堡達:3537.TWO', 1, 81, 83.4, 77.8, 77.8, '28', 6.3286, (0, 1)),
('尼克森:3317.TWO', 1, 92.7, 94.6, 88.4, 88.5, '24', 5.9071, (0, 1)),
('倉和:6538.TWO', 1, 142.5, 144, 135, 142, '28', 10.1714, (0, 1)),