('群創:3481.TW', 1, 62, 64.4, 58.5, 64.4, '26', 4.8179, (2, 0)),
('聯電:2303.TW', 1, 141, 146, 138.5, 145.5, '24', 10.7143, (2, 0)),
('力積電:6770.TW', 1, 71.5, 75.3, 70.7, 74.2, '24', 5.3786, (2, 0)),
('南亞:1303.TW', 1, 139, 139, 135, 139, '03', 9.25, (0, 0)),
('旺宏:2337.TW', 1, 164, 171.5, 162.5, 169, '24', 10.2143, (1, 0)),
('台玻:1802.TW', 1, 70.3, 73.5, 69.9, 71.3, '08', 4.4214, (2, 0)),
('南茂:8150.TW', 1, 95.5, 104, 95.1, 104, '24', 9.1429, (1, 0)),
('康霈*:6919.TW', 1, 99.2, 109, 99.1, 109, '22', 4.5643, (5, 0)),
('國泰金:2882.TW', 1, 115, 117.5, 114, 115.5, '17', 5.25, (3, 0)),
('緯創:3231.TW', 1, 162, 163.5, 160.5, 161.5, '25', 10.0357, (0, 1)),
('富邦金:2881.TW', 1, 137, 141, 135.5, 138, '17', 5.9286, (4, 0)),
('鼎元:2426.TW', 1, 75.7, 81.8, 75.7, 81.8, '26', 7.4214, (2, 0)),
('英業達:2356.TW', 1, 68.6, 68.6, 67, 67.7, '25', 5.0571, (0, 1)),
('TPK-KY:3673.TW', 1, 88.5, 88.6, 85.4, 86.2, '26', 6.3429, (0, 1)),
('今國光:6209.TW', 1, 95.8, 98.3, 93.1, 97.1, '26', 7.4714, (5, 0)),
('和碩:4938.TW', 1, 83.8, 86.6, 82.9, 82.9, '25', 5.6214, (0, 1)),
('威盛:2388.TW', 1, 76.3, 82.7, 75.2, 81.4, '24', 4.5214, (2, 0)),
('希華:2484.TW', 1, 69.8, 72.8, 69.2, 71.2, '28', 5.7964, (1, 0)),
('弘憶股:3312.TW', 1, 61.2, 67.7, 60, 62.8, '29', 5.1821, (2, 0)),
('鈞寶:6155.TW', 1, 90.2, 98.5, 90.1, 98.5, '28', 8.6286, (2, 0)),
('盟立:2464.TW', 1, 168, 175.5, 166.5, 172, '31', 14.4286, (1, 0)),
('大聯大:3702.TW', 1, 107.5, 113, 106.5, 112, '29', 5.0, (1, 0)),
('東元:1504.TW', 1, 69.6, 71.1, 69.1, 70, '05', 4.6429, (2, 0)),
('台郡:6269.TW', 1, 80, 81.8, 77, 79.6, '28', 6.4, (0, 1)),
('澤米:6742.TW', 1, 68.1, 71.1, 66, 69, '26', 5.0357, (4, 0)),
('中興電:1513.TW', 1, 173, 176.5, 171, 176.5, '05', 8.4286, (2, 0)),
('康舒:6282.TW', 1, 57.7, 58.6, 57.2, 58.1, '28', 4.8714, (1, 0)),
('至上:8112.TW', 1, 97.5, 99, 97.2, 98.2, '29', 5.4857, (2, 0)),
('中租-KY:5871.TW', 1, 115, 116.5, 114, 114, '20', 4.5, (0, 5)),
('義隆:2458.TW', 1, 159.5, 172, 159.5, 172, '24', 8.6786, (4, 0)),
('超豐:2441.TW', 1, 127.5, 137, 127.5, 135, '24', 6.9286, (2, 0)),
('富采:3714.TW', 1, 67, 68.7, 66.5, 67.2, '26', 4.1286, (2, 0)),
('台汽電:8926.TW', 1, 79.7, 82, 78.4, 79, '23', 4.3, (0, 1)),
('嘉晶:3016.TW', 1, 123, 128, 120.5, 126.5, '24', 10.1071, (2, 0)),
('強茂:2481.TW', 1, 160, 160, 160, 160, '24', 12.2857, (0, 0)),
('微星:2377.TW', 1, 137, 139, 136.5, 138.5, '25', 7.7857, (2, 0)),
('聯強:2347.TW', 1, 92.4, 95, 92.3, 93.4, '29', 4.3071, (1, 0)),
('益登:3048.TW', 1, 72, 75.5, 71.8, 73.5, '29', 5.2929, (2, 0)),
('中華化:1727.TW', 1, 95.6, 97.9, 93.5, 94.1, '21', 5.4786, (0, 1)),
('定穎投控:3715.TW', 1, 176.5, 185, 176.5, 179, '28', 9.9286, (2, 0)),
('合晶:6182.TWO', 1, 119.5, 122, 110, 120, '24', 8.9071, (4, 0)),
('華容:5328.TWO', 1, 51.8, 56.5, 51.8, 56.5, '28', 4.1536, (1, 0)),
('雷科:6207.TWO', 1, 164.5, 171, 160.5, 165.5, '28', 14.0714, (4, 0)),
('立敦:6175.TWO', 1, 108, 117, 105.5, 114, '28', 10.4786, (2, 0)),
('鈺創:5351.TWO', 1, 92.7, 94.7, 90.9, 94, '24', 6.3786, (2, 0)),
('千如:3236.TWO', 1, 68.9, 72.8, 67.1, 71, '28', 5.0679, (2, 0)),
('中美晶:5483.TWO', 1, 187, 187, 178, 181, '24', 11.8214, (0, 1)),
('富喬:1815.TWO', 1, 95.8, 98.9, 95.5, 98.1, '28', 5.7571, (2, 0)),
('漢磊:3707.TWO', 1, 80.5, 84.4, 80.2, 83.2, '24', 5.7429, (2, 0)),
('品安:8088.TWO', 1, 66, 69.9, 65.5, 69.2, '24', 4.1786, (2, 0)),
('世界:5347.TWO', 1, 167, 174.5, 165, 174.5, '24', 10.4643, (1, 0)),
('光洋科:1785.TWO', 1, 146, 150, 144, 149, '31', 8.7857, (2, 0)),
('台半:5425.TWO', 1, 118.5, 118.5, 118.5, 118.5, '24', 8.6786, (0, 0)),
('東捷:8064.TWO', 1, 159, 160, 153.5, 156, '26', 14.3929, (0, 1)),
('長科*:6548.TWO', 1, 87.1, 92.4, 83.5, 86.1, '24', 8.15, (0, 3)),
('聯一光:3441.TWO', 1, 89, 94, 88.9, 92.3, '26', 5.9857, (4, 0)),
('堡達:3537.TWO', 1, 84, 89.6, 83.1, 89.6, '28', 7.7571, (2, 0)),
('尼克森:3317.TWO', 1, 84.7, 88.3, 84.7, 88.3, '24', 4.8, (2, 0)),
('鑫科:3663.TWO', 1, 85.8, 85.9, 82.3, 85.7, '31', 5.9929, (0, 1)),
('擎亞:8096.TWO', 1, 150, 156.5, 147.5, 155.5, '29', 11.0, (2, 0)),
('佳邦:6284.TWO', 1, 108, 111, 106, 106, '28', 9.6857, (0, 1)),
('光環:3234.TWO', 1, 133, 145, 129.5, 145, '27', 11.5357, (4, 0)),
('宏捷科:8086.TWO', 1, 162.5, 170.5, 161.5, 166, '24', 9.3214, (3, 0)),
('九豪:6127.TWO', 1, 81.4, 85, 81, 84.4, '28', 7.0786, (2, 0)),
('今展科:6432.TWO', 1, 83.8, 86.9, 81.4, 86.9, '28', 6.35, (2, 0)),
('方土昶:6265.TWO', 1, 56.8, 58.4, 56.6, 57.6, '29', 4.3929, (2, 0)),
('台嘉碩:3221.TWO', 1, 59.1, 61.5, 58.8, 60.5, '27', 5.1929, (2, 0)),
('日揚:6208.TWO', 1, 94, 99.4, 93.1, 99, '24', 5.7643, (2, 0)),
('萬泰科:6190.TWO', 1, 78.9, 83.2, 78.4, 82.9, '27', 5.1571, (2, 0)),
('亞電:4939.TWO', 1, 64.8, 65.7, 64, 64.9, '28', 6.3607, (2, 0)),
('系統電:5309.TWO', 1, 68.3, 70, 67.9, 69, '28', 4.9929, (2, 0)),
('凱崴:5498.TWO', 1, 66.4, 68.4, 66.1, 67.1, '28', 4.3071, (2, 0)),
('泓瀚:4741.TWO', 1, 71.5, 71.7, 64.6, 64.6, '21', 6.25, (0, 1)),