('群創:3481.TW', 1, 58, 58.8, 53.6, 56.2, '26', 4.4286, (0, 1)),
('聯電:2303.TW', 1, 147, 150, 133.5, 141.5, '24', 11.0786, (0, 1)),
('英業達:2356.TW', 1, 77, 83.5, 75.3, 80.6, '25', 4.7143, (4, 0)),
('旺宏:2337.TW', 1, 173, 180, 170, 175.5, '24', 12.1429, (1, 0)),
('南亞:1303.TW', 1, 110, 118, 108.5, 112.5, '03', 5.6929, (3, 0)),
('台玻:1802.TW', 1, 75.5, 76.8, 70.6, 71, '08', 4.9571, (0, 1)),
('力積電:6770.TW', 1, 87, 88.6, 83.7, 85.9, '24', 5.4857, (0, 2)),
('微星:2377.TW', 1, 145, 152.5, 142, 149, '25', 7.8929, (3, 0)),
('康舒:6282.TW', 1, 65.5, 65.8, 60.8, 63, '28', 4.0, (0, 1)),
('南茂:8150.TW', 1, 104.5, 110, 97.3, 98.6, '24', 7.1286, (0, 2)),
('TPK-KY:3673.TW', 1, 88, 92.4, 83.3, 92, '26', 7.3, (3, 0)),
('強茂:2481.TW', 1, 157.5, 158.5, 144.5, 146, '24', 13.6429, (0, 2)),
('正達:3149.TW', 1, 86.1, 86.1, 83.5, 86.1, '26', 4.9357, (0, 0)),
('鈞寶:6155.TW', 1, 69, 75.9, 64.5, 75.9, '28', 5.875, (2, 0)),
('長興:1717.TW', 1, 81.7, 81.8, 76.8, 78.7, '21', 4.6214, (0, 7)),
('全球傳動:4540.TW', 1, 80, 81.9, 74.4, 77.3, '05', 5.3357, (0, 1)),
('晟銘電:3013.TW', 1, 129.5, 135.5, 129.5, 133.5, '25', 6.0643, (1, 0)),
('燿華:2367.TW', 1, 67.6, 68.7, 65, 65.8, '28', 4.1714, (0, 2)),
('GIS-KY:6456.TW', 1, 84, 86.4, 79.9, 82.9, '26', 6.2286, (0, 1)),
('益登:3048.TW', 1, 70.4, 75.2, 69.9, 75.2, '29', 5.8321, (1, 0)),
('富采:3714.TW', 1, 71.8, 72.5, 68.1, 69.2, '26', 4.6714, (0, 7)),
('鼎元:2426.TW', 1, 78, 79.9, 70, 71.5, '26', 6.4714, (0, 3)),
('晶彩科:3535.TW', 1, 135, 140, 132.5, 137.5, '26', 7.0714, (2, 0)),
('矽統:2363.TW', 1, 68.2, 69.8, 64.1, 66.8, '24', 4.3071, (0, 2)),
('台虹:8039.TW', 1, 156.5, 160.5, 143, 147, '28', 12.6429, (0, 2)),
('敬鵬:2355.TW', 1, 60.5, 61.8, 58.7, 60.1, '28', 4.9286, (0, 2)),
('大聯大:3702.TW', 1, 118.5, 119.5, 115.5, 119, '29', 6.6071, (2, 0)),
('兆赫:2485.TW', 1, 72.8, 73.8, 69.1, 69.9, '27', 4.8786, (0, 2)),
('榮科:4989.TW', 1, 107, 107.5, 98.6, 100, '28', 6.8643, (0, 1)),
('定穎投控:3715.TW', 1, 185, 185.5, 172, 173.5, '28', 10.7857, (0, 1)),
('九豪:6127.TWO', 1, 78, 81.4, 73, 81.4, '28', 5.4429, (1, 0)),
('世界:5347.TWO', 1, 179, 183.5, 165, 171.5, '24', 11.1429, (0, 1)),
('鈺創:5351.TWO', 1, 90.2, 95.4, 88.8, 92.9, '24', 5.8929, (3, 0)),
('富喬:1815.TWO', 1, 111.5, 113, 106, 109.5, '28', 5.8929, (0, 1)),
('系統電:5309.TWO', 1, 81, 83.2, 76, 78.6, '28', 4.3571, (0, 1)),
('光洋科:1785.TWO', 1, 155.5, 155.5, 141.5, 144, '31', 10.5, (0, 2)),
('台半:5425.TWO', 1, 105.5, 107.5, 100, 103.5, '24', 8.8857, (0, 3)),
('雷科:6207.TWO', 1, 128.5, 133, 122, 127, '28', 9.0929, (0, 1)),
('東捷:8064.TWO', 1, 159, 165, 152.5, 157, '26', 13.2857, (0, 1)),
('擎亞:8096.TWO', 1, 137, 145, 132, 137, '29', 9.0429, (0, 0)),
('中美晶:5483.TWO', 1, 167.5, 167.5, 160, 164.5, '24', 10.0, (0, 2)),
('蜜望實:8043.TWO', 1, 154.5, 158, 142.5, 157, '28', 12.9357, (1, 0)),
('合晶:6182.TWO', 1, 96.6, 96.6, 87.3, 90.1, '24', 6.2643, (0, 2)),
('萬泰科:6190.TWO', 1, 91.5, 93, 82.5, 83.3, '27', 4.8286, (0, 2)),
('光環:3234.TWO', 1, 129, 130, 120, 130, '27', 7.4643, (1, 0)),
('漢磊:3707.TWO', 1, 83.2, 84.8, 80, 81.9, '24', 7.0571, (0, 4)),
('佳邦:6284.TWO', 1, 116, 116, 104.5, 110, '28', 8.75, (0, 3)),
('立敦:6175.TWO', 1, 99.8, 99.8, 90.5, 95, '28', 7.7214, (0, 3)),
('點序:6485.TWO', 1, 117, 123, 112, 116.5, '24', 9.95, (0, 1)),
('久元:6261.TWO', 1, 118.5, 118.5, 107, 108, '24', 8.1786, (0, 2)),
('台嘉碩:3221.TWO', 1, 57, 57.9, 54.7, 57.3, '27', 4.6036, (1, 0)),
('宏捷科:8086.TWO', 1, 168, 173.5, 163.5, 168, '24', 10.2143, (0, 0)),
('尼克森:3317.TWO', 1, 80.5, 82.4, 77.5, 82.2, '24', 5.0, (1, 0)),
('碩禾:3691.TWO', 1, 173, 173, 155, 159, '26', 12.7143, (0, 2)),
('光頡:3624.TWO', 1, 107, 122, 102, 122, '28', 9.1929, (1, 0)),
('堡達:3537.TWO', 1, 80, 80.4, 73.5, 78.5, '28', 5.9786, (0, 3)),
('凱崴:5498.TWO', 1, 66.5, 66.9, 62.3, 63.4, '28', 4.5786, (0, 1)),
('鑫科:3663.TWO', 1, 90.1, 91.4, 84.4, 86.3, '31', 6.1857, (0, 1)),
('均豪:5443.TWO', 1, 128, 128, 119, 121.5, '24', 8.0714, (0, 1)),
('晶焱:6411.TWO', 1, 106.5, 106.5, 97.3, 100, '24', 7.0929, (0, 3)),
('泰藝:8289.TWO', 1, 70.1, 70.4, 65.9, 69.8, '28', 5.2214, (0, 3)),