('力積電:6770.TW', 1, 93.2, 94.5, 87, 87, '24', 5.3571, (0, 1)),
('群創:3481.TW', 1, 54.5, 56.1, 53.7, 56.1, '26', 4.35, (2, 0)),
('華邦電:2344.TW', 1, 168, 173.5, 166, 168, '24', 11.9643, (0, 0)),
('聯電:2303.TW', 1, 143, 155.5, 140, 146, '24', 10.6143, (1, 0)),
('英業達:2356.TW', 1, 71.5, 77.2, 69.2, 77.2, '25', 4.4929, (3, 0)),
('旺宏:2337.TW', 1, 169.5, 175, 166, 167.5, '24', 12.75, (0, 2)),
('台玻:1802.TW', 1, 72, 78.1, 71, 74.8, '08', 4.7357, (1, 0)),
('南亞:1303.TW', 1, 98.7, 107.5, 97.5, 107.5, '03', 5.2643, (2, 0)),
('南茂:8150.TW', 1, 113, 114, 103, 106.5, '24', 6.5643, (0, 1)),
('康舒:6282.TW', 1, 61.2, 65.8, 61.1, 65.8, '28', 4.0214, (2, 0)),
('緯創:3231.TW', 1, 174, 174, 172.5, 174, '25', 6.6786, (0, 0)),
('微星:2377.TW', 1, 136, 144, 134.5, 141.5, '25', 7.8571, (2, 0)),
('強茂:2481.TW', 1, 163.5, 163.5, 151, 157, '24', 13.2857, (0, 1)),
('TPK-KY:3673.TW', 1, 87.5, 94.9, 87.4, 89.5, '26', 7.0786, (2, 0)),
('燿華:2367.TW', 1, 68.6, 69.2, 66.2, 67.4, '28', 4.1929, (0, 1)),
('敬鵬:2355.TW', 1, 63, 63, 60, 60.2, '28', 4.8357, (0, 1)),
('GIS-KY:6456.TW', 1, 78.4, 84.1, 78, 83.9, '26', 6.1571, (2, 0)),
('台虹:8039.TW', 1, 161.5, 161.5, 149, 153, '28', 11.9286, (0, 1)),
('長興:1717.TW', 1, 82, 84.4, 81.1, 81.5, '21', 4.4786, (0, 6)),
('兆赫:2485.TW', 1, 74.6, 74.8, 72.5, 72.6, '27', 4.7786, (0, 1)),
('鈞寶:6155.TW', 1, 63, 69, 63, 69, '28', 5.3143, (1, 0)),
('富采:3714.TW', 1, 73.5, 74.2, 71.5, 71.6, '26', 4.6857, (0, 6)),
('鼎元:2426.TW', 1, 81.9, 81.9, 75, 77, '26', 5.9, (0, 2)),
('全球傳動:4540.TW', 1, 70.8, 75.4, 70.8, 75.4, '05', 5.15, (2, 0)),
('今國光:6209.TW', 1, 83.9, 86.4, 83.4, 84.5, '26', 5.0071, (2, 0)),
('矽統:2363.TW', 1, 67.9, 68.8, 66.5, 67.1, '24', 4.2, (0, 1)),
('嘉晶:3016.TW', 1, 138.5, 141, 125, 126, '24', 11.75, (0, 2)),
('所羅門:2359.TW', 1, 147, 154.5, 145.5, 150.5, '31', 9.1429, (2, 0)),
('榮科:4989.TW', 1, 105, 111.5, 104.5, 107, '28', 6.7214, (2, 0)),
('定穎投控:3715.TW', 1, 176, 185.5, 173.5, 182, '28', 10.1429, (2, 0)),
('益登:3048.TW', 1, 72, 73, 67.5, 68.4, '29', 5.5357, (0, 2)),
('超豐:2441.TW', 1, 143, 143, 135, 137.5, '24', 7.5929, (0, 2)),
('康普:4739.TW', 1, 115, 118.5, 108, 109, '21', 7.4071, (0, 1)),
('泰鼎-KY:4927.TW', 1, 56.2, 59.9, 55.4, 55.8, '28', 4.1393, (0, 5)),
('昇貿:3305.TW', 1, 160.5, 167.5, 154, 167.5, '31', 11.3571, (1, 0)),
('世界:5347.TWO', 1, 175, 184.5, 174.5, 179, '24', 10.3571, (2, 0)),
('富喬:1815.TWO', 1, 108, 113, 107, 109, '28', 5.6071, (1, 0)),
('光洋科:1785.TWO', 1, 160, 168, 156, 157, '31', 10.2143, (0, 1)),
('台半:5425.TWO', 1, 115.5, 115.5, 105, 106.5, '24', 8.8357, (0, 2)),
('鈺創:5351.TWO', 1, 87.5, 93.8, 87.1, 89.7, '24', 5.9786, (2, 0)),
('中美晶:5483.TWO', 1, 174.5, 179.5, 167, 168.5, '24', 10.0, (0, 1)),
('漢磊:3707.TWO', 1, 90, 90.9, 83, 83.3, '24', 7.0786, (0, 3)),
('東捷:8064.TWO', 1, 145, 157, 142, 157, '26', 12.8214, (2, 0)),
('系統電:5309.TWO', 1, 72.4, 75.9, 72.4, 75.9, '28', 4.0929, (2, 0)),
('萬泰科:6190.TWO', 1, 92, 99.6, 90, 91.6, '27', 4.4071, (0, 1)),
('擎亞:8096.TWO', 1, 124, 134.5, 123.5, 134.5, '29', 8.4286, (1, 0)),
('蜜望實:8043.TWO', 1, 155, 155, 148, 155, '28', 12.5357, (0, 0)),
('廣穎:4973.TWO', 1, 158, 167, 155.5, 156.5, '24', 10.2143, (0, 2)),
('堡達:3537.TWO', 1, 80.8, 84.7, 79.1, 79.1, '28', 5.625, (0, 2)),
('合晶:6182.TWO', 1, 100, 101.5, 96.6, 97, '24', 5.7357, (0, 1)),
('九豪:6127.TWO', 1, 74, 74, 73.2, 74, '28', 5.0143, (0, 0)),
('佳邦:6284.TWO', 1, 120, 130.5, 115, 116, '28', 8.2143, (0, 2)),
('立敦:6175.TWO', 1, 104.5, 110, 99.6, 99.8, '28', 7.3071, (0, 2)),
('雷科:6207.TWO', 1, 114, 122.5, 114, 122.5, '28', 8.5357, (3, 0)),
('台嘉碩:3221.TWO', 1, 60, 60.8, 57, 57.5, '27', 4.6, (0, 2)),
('鑫科:3663.TWO', 1, 88.6, 93.8, 88.6, 89.5, '31', 5.8429, (2, 0)),
('湧德:3689.TWO', 1, 139, 144, 136, 137.5, '28', 5.2857, (0, 1)),
('碩禾:3691.TWO', 1, 170, 173, 161, 169.5, '26', 12.1786, (0, 1)),
('霖宏:5464.TWO', 1, 88, 91, 74.9, 80.5, '28', 6.1929, (0, 1)),
('晶焱:6411.TWO', 1, 112, 114.5, 105, 106.5, '24', 6.7214, (0, 2)),
('友威科:3580.TWO', 1, 105, 114, 104.5, 113, '31', 8.85, (1, 0)),
('泰藝:8289.TWO', 1, 74.6, 75.5, 70, 70.1, '28', 5.2286, (0, 2)),
('尼克森:3317.TWO', 1, 83.5, 84, 79.7, 79.8, '24', 4.9143, (0, 5)),
('凱崴:5498.TWO', 1, 65.6, 68, 64.8, 66, '28', 4.6857, (1, 0)),
('久元:6261.TWO', 1, 123, 123, 118, 118.5, '24', 7.9643, (0, 1)),
('均豪:5443.TWO', 1, 126.5, 131.5, 124.5, 127, '24', 7.8571, (2, 0)),
('光頡:3624.TWO', 1, 114, 121, 113, 113, '28', 8.2571, (0, 1)),
('川寶:1595.TWO', 1, 86.2, 87.5, 77.8, 80, '24', 8.3643, (0, 4)),